1.09862 1.27123 0.18258
1.09877 1.05908 0.35074
1.09891 1.20236 0.46275
1.09906 1.14103 0.31146
1.0992 0.8951 0.23013
1.09934 0.98876 0.41701
1.09949 0.98317 0.34616
1.09964 0.78519 0.15779
1.09978 0.8004 0.27972
1.09993 0.77578 0.23455
1.10007 0.71355 0.17335
1.10021 0.77296 0.18156
1.10036 0.70591 0.08946
1.1005 0.65444 0.2568
1.10065 0.68969 0.22371
1.1008 0.70946 0.21509
1.10094 0.73393 0.11097
1.10108 0.68355 0.06971
1.10123 0.65894 0.10645
1.10137 0.73267 0.02784
1.10152 0.81905 0.11526
1.10167 0.75305 0.08959
1.10181 0.69995 0.13734
1.10196 0.81005 0.16421
1.1021 0.86909 0.24189
1.10224 0.7454 0.21562
1.10239 0.63416 0.20041
1.10254 0.6267 0.15831
1.10268 0.74071 0.20477
1.10283 0.62362 0.22683
1.10297 0.78649 0.23486
1.10311 0.75597 0.25165
1.10326 0.65423 0.28052
1.1034 0.48079 0.15516
1.10355 0.69133 0.31329
1.1037 0.58038 0.24034
1.10384 0.6611 0.24312
1.10398 0.63329 0.09454
1.10413 0.56048 0.10848
1.10427 0.65108 0.05759
1.10442 0.55412 0.11103
1.10457 0.51688 0.24125
1.10471 0.54143 0.3874
1.10486 0.59138 0.18426
1.105 0.68635 0.32587
1.10514 0.68048 0.21027
1.10529 0.70286 0.22469
1.10544 0.75254 0.31232
1.10558 0.576 0.25041
1.10573 0.49531 0.26788
1.10587 0.44338 0.05363
1.10601 0.54051 0.07786
1.10616 0.58882 0.08591
1.10631 0.55771 0.173
1.10645 0.67978 0.23849
1.1066 0.62507 0.25558
1.10674 0.52895 0.21582
1.10688 0.56599 0.2553
1.10703 0.67721 0.26684
1.10717 0.67128 0.2041
1.10732 0.58492 0.13042
1.10747 0.47363 0.20211
1.10761 0.54336 0.21525
1.10775 0.67951 0.21816
1.1079 0.5461 0.06334
1.10804 0.48265 0.09576
1.10819 0.42404 0.11161
1.10834 0.58047 0.08202
1.10848 0.81399 0.21719
1.10863 0.72833 0.10646
1.10877 0.72524 0.13806
1.10891 0.69735 0.16246
1.10906 0.71883 0.35669
1.10921 0.5864 0.33113
1.10935 0.62886 0.17988
1.1095 0.58943 0.26654
1.10964 0.53375 0.36104
1.10978 0.49193 0.37797
1.10993 0.55111 0.33902
1.11007 0.50868 0.24474
1.11022 0.68365 0.22023
1.11037 0.57744 0.16041
1.11051 0.50135 0.06926
1.11065 0.57237 0.03718
1.1108 0.7014 0.34272
1.11094 0.67312 0.11064
1.11109 0.62945 0.14817
1.11124 0.67844 0.14836
1.11138 0.68406 0.10625
1.11153 0.57587 0.09118
1.11167 0.69772 0.09635
1.11181 0.70276 0.04461
1.11196 0.7388 0.06389
1.11211 0.72028 0.03547
1.11225 0.66534 0.13403
1.1124 0.77045 0.12044
1.11254 0.66584 0.13667
1.11268 0.70196 0.05785
1.11283 0.69721 0.13034
1.11298 0.75548 0.08744
1.11312 0.74577 0.10653
1.11327 0.78289 0.30559
1.11341 0.72824 0.28841
1.11355 0.61554 0.25225
1.1137 0.54751 0.3195
1.11384 0.43755 0.322
1.11399 0.565 0.27253
1.11414 0.70541 0.28575
1.11428 0.70975 0.55392
1.11442 0.59451 0.32438
1.11457 0.60725 0.34703
1.11471 0.71006 0.2306
1.11486 0.74549 0.18334
1.11501 0.8063 0.28126
1.11515 0.75437 0.19109
1.1153 0.61154 0.23966
1.11544 0.68618 0.26622
1.11558 0.83993 0.15604
1.11573 0.92665 0.07988
1.11588 0.92872 0.18783
1.11602 0.98368 0.07815
1.11617 0.99749 0.16977
1.11631 0.86475 0.09878
1.11645 0.92286 0.13811
1.1166 0.90752 0.19444
1.11674 0.71396 0.22278
1.11689 0.75956 0.06535
1.11704 0.7268 0.23759
1.11718 0.71373 0.14142
1.11732 0.79202 0.06967
1.11747 0.60744 0.15069
1.11761 0.67308 0.03966
1.11776 0.73105 0.09936
1.11791 0.78863 0.26966
1.11805 0.75182 0.11997
1.1182 0.76114 0.27464
1.11834 0.58862 0.24636
1.11848 0.51053 0.27905
1.11863 0.76089 0.39124
1.11878 0.71383 0.20706
1.11892 0.79701 0.38614
1.11907 0.58177 0.12991
1.11921 0.59108 0.39699
1.11935 0.54484 0.28328
1.1195 0.5748 0.32682
1.11964 0.57207 0.14568
1.11979 0.61656 0.1153
1.11994 0.58503 0.18062
1.12008 0.63931 0.17216
1.12022 0.50428 0.10842
1.12037 0.63721 0.23792
1.12051 0.54641 0.20023
1.12066 0.72502 0.1153
1.12081 0.89206 0.1513
1.12095 0.95454 0.06477
1.12109 0.88497 0.13452
1.12124 0.91668 0.23321
1.12138 0.91958 0.2054
1.12153 1.00106 0.17273
1.12168 1.06372 0.12714
1.12182 1.08802 0.14841
1.12197 0.85098 0.19566
1.12211 0.79355 0.11118
1.12225 0.81809 0.05914
1.1224 0.83884 0.13193
1.12255 0.65557 0.29555
1.12269 0.65688 0.16623
1.12284 0.60505 0.10395
1.12298 0.79535 0.05925
1.12312 0.93438 0.09349
1.12327 0.85741 0.18508
1.12341 0.90976 0.20104
1.12356 0.77923 0.09133
1.12371 0.7241 0.30807
1.12385 0.63221 0.09873
1.12399 0.77127 0.07941
1.12414 0.97157 0.08702
1.12428 0.98975 0.07931
1.12443 1.0196 0.04652
1.12458 0.93481 0.09171
1.12472 0.97796 0.04264
1.12487 1.01937 0.09406
1.12501 0.98817 0.08861
1.12515 0.9657 0.23104
1.1253 0.83648 0.23776
1.12545 0.56947 0.31616
1.12559 0.62439 0.65082
1.12574 0.56246 0.49633
1.12588 0.90649 0.46877
1.12602 1.06962 0.27057
1.12617 0.83641 0.10367
1.12631 0.97427 0.0256
1.12646 0.88086 0.04513
1.12661 0.88321 0.10043
1.12675 0.95551 0.1321
1.12689 1.01133 0.15658
1.12704 1.04212 0.20066
1.12718 0.94824 0.15444
1.12733 0.8653 0.23153
1.12748 1.05725 0.0881
1.12762 1.07522 0.13456
1.12777 0.92472 0.10983
1.12791 0.90068 0.21501
1.12805 0.84713 0.18166
1.1282 0.9012 0.16284
1.12835 0.79182 0.24695
1.12849 0.9453 0.36275
1.12864 0.85021 0.51579
1.12878 1.06087 0.34973
1.12892 0.84868 0.24973
1.12907 0.77857 0.21239
1.12922 0.96446 0.23762
1.12936 1.14633 0.43138
1.12951 0.86936 0.38228
1.12965 0.70863 0.11544
1.12979 0.68537 0.06337
1.12994 0.84927 0.06198
1.13008 0.96977 0.07645
1.13023 1.00285 0.20632
1.13038 0.97727 0.13994
1.13052 1.02164 0.12523
1.13066 0.97354 0.2738
1.13081 0.95798 0.26167
1.13095 0.90521 0.17128
1.1311 0.81539 0.13987
1.13125 0.90177 0.09936
1.13139 0.87204 0.16411
1.13154 0.82503 0.03109
1.13168 0.92861 0.05666
1.13182 0.91876 0.07255
1.13197 0.99588 0.14029
1.13212 0.95092 0.08418
1.13226 0.98296 0.12339
1.13241 1.09782 0.0873
1.13255 1.07277 0.15764
1.13269 0.99186 0.07262
1.13284 0.92331 0.05722
1.13298 1.0565 0.18269
1.13313 0.98248 0.16652
1.13328 0.91501 0.29019
1.13342 0.87008 0.4091
1.13356 0.89869 0.24473
1.13371 0.85617 0.25068
1.13385 0.79163 0.22566
1.134 0.73089 0.23569
1.13415 0.67802 0.15844
1.13429 0.72501 0.26787
1.13444 0.74084 0.33726
1.13458 0.56425 0.29297
1.13472 0.31573 0.29429
1.13487 0.10057 0.31698
1.13502 0.56026 0.11369
1.13516 0.70975 0.21257
1.13531 0.63874 0.03882
1.13545 0.6416 0.15909
1.13559 0.78954 0.17565
1.13574 0.92161 0.15986
1.13589 0.83385 0.17451
1.13603 0.76337 0.13706
1.13618 0.643 0.13729
1.13632 0.89978 0.06459
1.13646 0.9757 0.13263
1.13661 1.03553 0.09683
1.13675 0.94355 0.04951
1.1369 0.98869 0.03339
1.13705 0.8358 0.07132
1.13719 0.7328 0.06063
1.13733 0.91141 0.03687
1.13748 0.86446 0.06938
1.13762 0.7351 0.11084
1.13777 0.65415 0.08332
1.13792 0.80069 0.14764
1.13806 0.7686 0.08077
1.13821 0.74373 0.15857
1.13835 0.71544 0.06167
1.13849 0.64668 0.11318
1.13864 0.70338 0.15194
1.13879 0.58024 0.14941
1.13893 0.78331 0.05473
1.13908 0.88972 0.05894
1.13922 0.87445 0.16826
1.13936 0.93548 0.18072
1.13951 0.97015 0.05706
1.13965 0.8866 0.17732
1.1398 1.04179 0.28124
1.13995 0.89492 0.1985
1.14009 0.94311 0.10575
1.14023 1.04983 0.18685
1.14038 0.99601 0.15908
1.14052 0.92715 0.09486
1.14067 0.63117 0.09354
1.14082 0.54167 0.11679
1.14096 0.71284 0.24488
1.14111 0.68172 0.20596
1.14125 0.6663 0.09041
1.14139 0.85419 0.19289
1.14154 0.72978 0.22427
1.14169 0.82153 0.04007
1.14183 0.89468 0.07599
1.14198 0.93157 0.05334
1.14212 0.91204 0.15477
1.14226 0.86535 0.02446
1.14241 0.86148 0.11506
1.14255 0.88664 0.11898
1.1427 0.95487 0.2232
1.14285 0.82247 0.15101
1.14299 0.88258 0.13116
1.14313 0.89191 0.18187
1.14328 0.90995 0.07648
1.14342 0.88542 0.27548
1.14357 0.85359 0.09379
1.14372 0.90517 0.18834
1.14386 0.87483 0.274
1.14401 0.79274 0.25404
1.14415 0.67067 0.42877
1.14429 0.42945 0.32068
1.14444 0.48149 0.2258
1.14459 0.72022 0.20387
1.14473 0.74039 0.20424
1.14488 0.82812 0.21874
1.14502 0.94756 0.20477
1.14516 0.94257 0.24644
1.14531 0.70183 0.2436
1.14546 0.79695 0.07143
1.1456 0.90012 0.04014
1.14575 0.99301 0.18389
1.14589 0.9237 0.17904
1.14603 0.99461 0.27207
1.14618 0.91608 0.08508
1.14632 0.95393 0.0274
1.14647 0.86702 0.04802
1.14662 0.87249 0.12288
1.14676 0.99457 0.23405
1.1469 0.96326 0.10554
1.14705 0.97648 0.11989
1.14719 0.87355 0.197
1.14734 0.89349 0.08176
1.14749 0.84395 0.04338
1.14763 0.81592 0.08278
1.14778 0.83648 0.08661
1.14792 0.88235 0.05712
1.14806 0.9526 0.16507
1.14821 1.07759 0.25816
1.14836 0.9789 0.10631
1.1485 1.00709 0.09873
1.14865 1.00493 0.19649
1.14879 0.92822 0.13748
1.14893 1.00058 0.16162
1.14908 1.03269 0.14249
1.14922 0.96577 0.19171
1.14937 1.03977 0.2058
1.14952 0.85585 0.15001
1.14966 0.81393 0.21004
1.1498 0.80476 0.14357
1.14995 0.74042 0.14487
1.15009 0.77409 0.06072
1.15024 0.92959 0.05484
1.15039 1.07484 0.11722
1.15053 0.97533 0.02778
1.15068 0.98562 0.11564
1.15082 1.06748 0.16338
1.15096 1.00806 0.09701
1.15111 1.08568 0.27542
1.15126 1.15428 0.19295
1.1514 1.06067 0.03873
1.15155 1.1149 0.16852
1.15169 1.15401 0.24631
1.15183 1.14053 0.16401
1.15198 1.05942 0.02771
1.15213 1.03504 0.09599
1.15227 0.96792 0.16005
1.15242 1.01912 0.12068
1.15256 0.96629 0.05443
1.1527 0.84783 0.1306
1.15285 0.97394 0.18536
1.15299 0.97227 0.29227
1.15314 0.92191 0.22774
1.15329 0.97251 0.15227
1.15343 1.10034 0.23722
1.15357 1.08529 0.11841
1.15372 1.14387 0.34079
1.15386 1.05956 0.20494
1.15401 0.89653 0.18166
1.15416 0.87618 0.32447
1.1543 0.86806 0.29811
1.15445 0.95244 0.10629
1.15459 0.99397 0.05669
1.15473 0.87672 0.08633
1.15488 0.9233 0.11489
1.15503 1.01409 0.01961
1.15517 1.05011 0.04534
1.15532 1.12903 0.15665
1.15546 1.10857 0.06938
1.1556 0.99823 0.18497
1.15575 1.03451 0.18392
1.15589 1.09941 0.09869
1.15604 1.12624 0.02169
1.15619 1.09902 0.02669
1.15633 1.07226 0.1586
1.15647 1.02995 0.13645
1.15662 1.03807 0.02381
1.15676 0.97694 0.12302
1.15691 0.95846 0.03012
1.15706 1.01796 0.0689
1.1572 0.9451 0.04946
1.15735 1.07384 0.07173
1.15749 1.04263 0.12543
1.15763 1.12561 0.07023
1.15778 1.09411 0.06648
1.15793 1.02824 0.16118
1.15807 1.08266 0.0691
1.15822 1.13544 0.17803
1.15836 1.06471 0.16576
1.1585 1.11663 0.20263
1.15865 1.21967 0.19079
1.15879 1.23723 0.19828
1.15894 1.20373 0.21392
1.15909 1.1434 0.14829
1.15923 1.03165 0.23478
1.15937 1.0155 0.10587
1.15952 0.89162 0.04064
1.15966 0.90343 0.02418
1.15981 1.03337 0.08388
1.15996 0.99647 0.12339
1.1601 0.98881 0.06633
1.16024 0.99344 0.03673
1.16039 0.97215 0.05219
1.16053 1.02041 0.08184
1.16068 1.0554 0.14631
1.16083 1.12089 0.10968
1.16097 1.04859 0.08348
1.16112 1.06297 0.13702
1.16126 1.06897 0.1174
1.1614 1.03472 0.05869
1.16155 0.98906 0.13183
1.1617 1.0519 0.09335
1.16184 1.06478 0.10599
1.16199 1.09547 0.025
1.16213 1.11001 0.16085
1.16227 1.05578 0.01821
1.16242 1.06533 0.05561
1.16256 1.07664 0.03718
1.16271 1.04049 0.10846
1.16286 0.96063 0.07127
1.163 1.02093 0.14273
1.16314 1.08408 0.07524
1.16329 1.08733 0.01755
1.16343 1.14528 0.16449
1.16358 1.11366 0.06672
1.16373 1.08 0.10202
1.16387 1.0524 0.03103
1.16402 1.06261 0.0542
1.16416 1.01319 0.02284
1.1643 0.97351 0.11553
1.16445 0.99633 0.07926
1.1646 1.12323 0.05454
1.16474 1.09178 0.05771
1.16489 1.21295 0.14899
1.16503 1.20476 0.22835
1.16517 1.21558 0.1156
1.16532 1.17995 0.11185
1.16546 1.07947 0.08382
1.16561 1.09327 0.05877
1.16576 1.12168 0.04862
1.1659 1.04446 0.02078
1.16604 1.07647 0.08962
1.16619 1.1114 0.04535
1.16633 1.22128 0.0388
1.16648 1.18356 0.07374
1.16663 1.16782 0.09543
1.16677 1.16416 0.07907
1.16692 1.12306 0.02621
1.16706 1.15303 0.204
1.1672 1.10886 0.06157
1.16735 1.12949 0.15043
1.1675 1.15634 0.27514
1.16764 1.2185 0.17292
1.16779 1.12769 0.1346
1.16793 1.02805 0.15008
1.16807 1.01205 0.1181
1.16822 1.05229 0.05182
1.16837 1.02142 0.06667
1.16851 0.9483 0.15263
1.16866 0.92068 0.10126
1.1688 0.89183 0.04019
1.16894 0.82845 0.06887
1.16909 0.8453 0.06477
1.16923 0.83185 0.02336
1.16938 0.66406 0.13545
1.16953 0.62799 0.13186
1.16967 0.6545 0.12383
1.16981 0.69793 0.12896
1.16996 0.86878 0.09562
1.1701 0.91058 0.05175
1.17025 0.92601 0.0784
1.1704 0.95541 0.08634
1.17054 1.04787 0.17169
1.17069 1.11034 0.06772
1.17083 1.06251 0.18307
1.17097 1.07678 0.14567
1.17112 1.07597 0.15007
1.17127 1.0892 0.08585
1.17141 1.02362 0.06308
1.17156 1.0302 0.11813
1.1717 1.01986 0.10047
1.17184 0.99693 0.13497
1.17199 0.97147 0.04449
1.17213 0.94499 0.133
1.17228 1.03705 0.10813
1.17243 1.05516 0.07286
1.17257 1.05084 0.03049
1.17271 1.00838 0.00903
1.17286 1.01728 0.04765
1.173 1.07576 0.02948
1.17315 1.07446 0.02073
1.1733 1.02817 0.02216
1.17344 1.0145 0.0561
1.17359 1.03732 0.07226
1.17373 1.04244 0.1615
1.17387 0.9792 0.05492
1.17402 0.94348 0.0467
1.17417 0.98452 0.12693
1.17431 0.96111 0.10875
1.17446 0.99103 0.0811
1.1746 0.96546 0.06082
1.17474 1.04368 0.05982
1.17489 1.08907 0.07908
1.17503 1.10812 0.07781
1.17518 1.08611 0.0773
1.17533 1.04477 0.06797
1.17547 1.04012 0.05907
1.17561 0.90766 0.06587
1.17576 0.99965 0.10547
1.1759 0.92183 0.04699
1.17605 0.94108 0.0666
1.1762 0.95879 0.08907
1.17634 0.93269 0.08439
1.17648 0.93383 0.04487
1.17663 0.97972 0.08301
1.17677 0.91489 0.03106
1.17692 0.97764 0.11002
1.17707 0.92208 0.09018
1.17721 0.80513 0.03998
1.17736 0.72864 0.05415
1.1775 0.54029 0.07823
1.17764 0.52372 0.06221
1.17779 0.51026 0.1275
1.17794 0.58527 0.07139
1.17808 0.66307 0.0601
1.17823 0.68975 0.07444
1.17837 0.8021 0.00819
1.17851 0.94251 0.11927
1.17866 0.9692 0.10817
1.1788 0.9753 0.01039
1.17895 0.94905 0.02692
1.1791 0.92403 0.06618
1.17924 0.87466 0.06335
1.17938 0.87731 0.02141
1.17953 0.97272 0.04409
1.17967 0.95528 0.15584
1.17982 0.92646 0.19627
1.17997 0.91449 0.06955
1.18011 0.95824 0.00431
1.18026 0.91337 0.08139
1.1804 0.86687 0.09731
1.18054 0.99717 0.17781
1.18069 0.94979 0.10477
1.18084 0.98893 0.13127
1.18098 1.06081 0.10756
1.18113 0.97753 0.09221
1.18127 0.94407 0.05954
1.18141 0.96216 0.16497
1.18156 0.94785 0.19757
1.1817 0.8469 0.12501
1.18185 0.89075 0.06706
1.182 0.90646 0.14869
1.18214 0.84668 0.11313
1.18228 0.83817 0.13943
1.18243 0.89055 0.06318
1.18257 0.97446 0.16849
1.18272 0.97096 0.1158
1.18287 0.8749 0.0539
1.18301 0.82584 0.0899
1.18316 0.91033 0.05922
1.1833 0.94373 0.05885
1.18344 0.93235 0.0963
1.18359 1.02488 0.12838
1.18374 0.96142 0.07335
1.18388 0.88465 0.1101
1.18403 0.88064 0.03927
1.18417 0.89875 0.04124
1.18431 0.99739 0.01598
1.18446 1.00803 0.05886
1.18461 0.96685 0.07524
1.18475 0.96041 0.21309
1.1849 0.95599 0.06174
1.18504 0.99237 0.0457
1.18518 0.94461 0.16334
1.18533 0.92714 0.20751
1.18547 0.83045 0.17921
1.18562 0.81421 0.10178
1.18577 0.87623 0.11147
1.18591 0.90758 0.13228
1.18605 0.88336 0.13223
1.1862 0.88292 0.16988
1.18634 0.89171 0.16066
1.18649 1.02713 0.17322
1.18664 0.97145 0.19946
1.18678 0.91013 0.16417
1.18693 0.86299 0.08945
1.18707 0.85635 0.20101
1.18721 0.8823 0.16464
1.18736 0.90868 0.17797
1.18751 0.93882 0.13267
1.18765 0.90366 0.09377
1.1878 0.97003 0.11703
1.18794 0.92748 0.06338
1.18808 0.95482 0.11891
1.18823 0.99528 0.14918
1.18837 0.99761 0.08485
1.18852 1.05811 0.10013
1.18867 0.99193 0.10503
1.18881 0.83443 0.03469
1.18895 0.90114 0.16566
1.1891 0.97009 0.08698
1.18924 0.99817 0.04021
1.18939 1.06011 0.06066
1.18954 1.02699 0.07793
1.18968 0.949 0.03349
1.18983 1.09405 0.14056
1.18997 1.07586 0.07744
1.19011 1.0599 0.29434
1.19026 0.97456 0.12681
1.19041 1.03039 0.22632
1.19055 0.9779 0.07966
1.1907 0.89264 0.10595
1.19084 0.9013 0.14326
1.19098 0.95113 0.09317
1.19113 0.96352 0.11286
1.19128 0.91763 0.08599
1.19142 0.91795 0.11514
1.19157 0.92352 0.05561
1.19171 0.9554 0.03558
1.19185 0.87719 0.05677
1.192 0.7842 0.04514
1.19214 0.83339 0.01852
1.19229 0.80929 0.12129
1.19244 0.82652 0.14757
1.19258 0.87481 0.0322
1.19272 0.96198 0.08242
1.19287 0.94403 0.07355
1.19301 0.90656 0.02913
1.19316 0.90689 0.08506
1.19331 0.93007 0.09166
1.19345 0.98411 0.02243
1.1936 0.95153 0.06335
1.19374 0.97298 0.03049
1.19388 0.9622 0.03094
1.19403 1.00218 0.02329
1.19418 0.89706 0.07412
1.19432 1.01455 0.07317
1.19447 0.99448 0.03548
1.19461 1.08461 0.08982
1.19475 1.13482 0.09043
1.1949 1.04866 0.1497
1.19504 0.95816 0.13091
1.19519 1.00303 0.14633
1.19534 0.93555 0.07088
1.19548 0.94943 0.06102
1.19562 0.97744 0.05179
1.19577 0.9731 0.13614
1.19591 1.07899 0.0865
1.19606 1.01632 0.08066
1.19621 0.96153 0.06139
1.19635 0.90996 0.07182
1.1965 0.89394 0.2224
1.19664 0.79849 0.11528
1.19678 0.92652 0.01838
1.19693 0.97276 0.05822
1.19708 0.95491 0.07555
1.19722 1.02053 0.02175
1.19737 1.01769 0.04273
1.19751 0.88612 0.03152
1.19765 0.85478 0.14229
1.1978 0.74656 0.08573
1.19794 0.73568 0.01281
1.19809 0.7428 0.03505
1.19824 0.75158 0.09126
1.19838 0.83441 0.02285
1.19852 0.89757 0.06478
1.19867 0.88524 0.06141
1.19881 0.90412 0.03718
1.19896 0.88247 0.02568
1.19911 0.80468 0.08467
1.19925 0.84209 0.12077
1.19939 0.79526 0.08601
1.19954 0.83668 0.05413
1.19968 0.86692 0.12726
1.19983 0.87428 0.01078
1.19998 0.81713 0.07045
1.20012 0.89559 0.03902
1.20027 0.92141 0.13229
1.20041 0.90262 0.11184
1.20055 0.92945 0.19542
1.2007 0.9486 0.18208
1.20085 0.839 0.10547
1.20099 0.90217 0.0589
1.20114 0.8873 0.03053
1.20128 0.88945 0.14526
1.20142 0.85677 0.13367
1.20157 0.92572 0.21428
1.20171 0.91487 0.14843
1.20186 0.88582 0.13531
1.20201 0.8727 0.09014
1.20215 0.89883 0.06089
1.20229 0.9949 0.05655
1.20244 0.85408 0.00723
1.20258 0.88007 0.09179
1.20273 0.77536 0.06179
1.20288 0.84896 0.07974
1.20302 0.82441 0.11167
1.20317 0.78198 0.12061
1.20331 0.68186 0.04765
1.20345 0.74388 0.04318
1.2036 0.75499 0.03879
1.20375 0.85772 0.04894
1.20389 0.88559 0.01227
1.20404 0.88853 0.09638
1.20418 0.89833 0.03943
1.20432 0.9855 0.04561
1.20447 0.99336 0.01814
1.20461 0.99984 0.09158
1.20476 0.99214 0.11642
1.20491 1.03241 0.13264
1.20505 0.97134 0.16457
1.20519 1.00618 0.1079
1.20534 0.99431 0.11778
1.20548 0.9729 0.07065
1.20563 1.0965 0.0333
1.20578 0.92483 0.11189
1.20592 0.98374 0.06601
1.20607 0.93455 0.04476
1.20621 0.94243 0.0262
1.20635 0.89352 0.13918
1.2065 0.88291 0.13252
1.20665 0.97678 0.0819
1.20679 0.94631 0.08068
1.20694 0.9738 0.13775
1.20708 1.0381 0.08205
1.20722 0.92071 0.15431
1.20737 0.9693 0.07381
1.20752 0.89859 0.034
1.20766 1.04128 0.08672
1.20781 0.9374 0.19835
1.20795 1.00949 0.15116
1.20809 1.04839 0.11009
1.20824 1.05967 0.07976
1.20838 1.01319 0.05936
1.20853 0.97878 0.06748
1.20868 0.92149 0.02053
1.20882 0.92919 0.13696
1.20896 0.91441 0.16027
1.20911 0.99088 0.08945
1.20925 0.9625 0.05053
1.2094 0.8959 0.03451
1.20955 0.94224 0.04395
1.20969 0.9557 0.06227
1.20984 0.94643 0.12582
1.20998 1.02021 0.06472
1.21012 1.00041 0.09587
1.21027 0.93614 0.14474
1.21042 0.99971 0.11188
1.21056 0.96561 0.13726
1.21071 0.8837 0.05857
1.21085 0.86013 0.00448
1.21099 0.80426 0.10715
1.21114 0.83079 0.12855
1.21128 0.82215 0.14482
1.21143 0.84945 0.10039
1.21158 0.85284 0.17559
1.21172 0.92424 0.12355
1.21186 0.88087 0.08158
1.21201 1.00074 0.07328
1.21215 1.0677 0.2021
1.2123 0.88145 0.22659
1.21245 0.78589 0.19809
1.21259 0.90751 0.01891
1.21274 0.88782 0.08879
1.21288 0.952 0.14532
1.21302 0.94693 0.10959
1.21317 0.97863 0.0488
1.21332 0.92317 0.04016
1.21346 0.9577 0.03912
1.21361 0.92239 0.08305
1.21375 0.90324 0.05809
1.21389 1.00664 0.07705
1.21404 1.02582 0.06188
1.21418 1.03086 0.13978
1.21433 1.02107 0.09117
1.21448 1.03981 0.1342
1.21462 1.04685 0.12502
1.21476 1.02161 0.11829
1.21491 1.04722 0.10166
1.21505 1.05086 0.07984
1.2152 1.07141 0.02386
1.21535 1.1117 0.01117
1.21549 1.12126 0.10673
1.21563 1.07082 0.02513
1.21578 1.09496 0.03425
1.21592 1.07348 0.02365
1.21607 1.05176 0.11442
1.21622 1.03594 0.11545
1.21636 1.0415 0.14945
1.21651 1.0707 0.07832
1.21665 0.99775 0.05368
1.21679 1.00223 0.0781
1.21694 1.01306 0.07439
1.21709 1.04648 0.03126
1.21723 1.10523 0.035
1.21738 1.09552 0.04014
1.21752 1.04522 0.08289
1.21766 0.97995 0.09697
1.21781 1.05198 0.06016
1.21795 1.1097 0.10795
1.2181 1.09777 0.04052
1.21825 1.12121 0.0614
1.21839 1.10161 0.09396
1.21853 1.10394 0.16002
1.21868 1.22304 0.06555
1.21882 1.12733 0.08565
1.21897 1.11083 0.04012
1.21912 1.09246 0.08871
1.21926 1.08005 0.07415
1.21941 1.10141 0.11521
1.21955 1.10718 0.14693
1.21969 1.09458 0.04417
1.21984 1.06157 0.03748
1.21999 1.08775 0.06284
1.22013 1.06709 0.01944
1.22028 1.07709 0.05821
1.22042 1.06217 0.069
1.22056 1.10173 0.04058
1.22071 1.10967 0.08963
1.22085 1.13312 0.1369
1.221 1.16576 0.03975
1.22115 1.15562 0.04507
1.22129 1.12038 0.05731
1.22143 1.04285 0.01636
1.22158 1.05383 0.05392
1.22172 0.99588 0.07217
1.22187 0.99712 0.15144
1.22202 0.98868 0.06173
1.22216 1.00103 0.05307
1.22231 0.98382 0.06876
1.22245 0.90046 0.08458
1.22259 1.07334 0.06724
1.22274 1.1259 0.07598
1.22289 0.95686 0.1913
1.22303 1.00975 0.14259
1.22318 1.02393 0.11324
1.22332 1.09838 0.09841
1.22346 1.1326 0.07426
1.22361 1.13995 0.07983
1.22376 1.20317 0.10222
1.2239 1.20697 0.08675
1.22405 1.18254 0.08168
1.22419 1.14973 0.16937
1.22433 1.15941 0.1016
1.22448 1.18097 0.04053
1.22462 1.1442 0.08172
1.22477 1.15337 0.19046
1.22492 1.15436 0.06681
1.22506 1.12034 0.08629
1.2252 1.1427 0.05002
1.22535 1.13774 0.12663
1.22549 1.15519 0.10356
1.22564 1.18436 0.15347
1.22579 1.14146 0.16565
1.22593 1.17184 0.11169
1.22608 1.13222 0.19288
1.22622 1.02866 0.07576
1.22636 1.02133 0.11443
1.22651 1.05771 0.09682
1.22666 1.15222 0.08715
1.2268 1.13094 0.06913
1.22695 1.16245 0.02775
1.22709 1.12512 0.06552
1.22723 1.11772 0.07045
1.22738 1.16824 0.04012
1.22752 1.14752 0.02098
1.22767 1.10604 0.05196
1.22782 1.08833 0.05669
1.22796 1.12472 0.02998
1.2281 1.20572 0.08231
1.22825 1.25257 0.05321
1.22839 1.25318 0.07593
1.22854 1.31963 0.06408
1.22869 1.25048 0.17799
1.22883 1.13143 0.2549
1.22898 0.9762 0.13515
1.22912 1.01064 0.08558
1.22926 1.08958 0.12974
1.22941 1.1363 0.06065
1.22956 1.15673 0.10195
1.2297 1.11315 0.01219
1.22985 1.10033 0.10126
1.22999 1.08127 0.05744
1.23013 1.08728 0.04021
1.23028 1.11541 0.0448
1.23043 1.15159 0.0702
1.23057 1.15482 0.01747
1.23072 1.14337 0.11066
1.23086 1.18248 0.07827
1.231 1.17315 0.08131
1.23115 1.17419 0.09546
1.23129 1.12701 0.06229
1.23144 1.09902 0.04883
1.23159 1.1201 0.06684
1.23173 1.13173 0.0414
1.23187 1.11125 0.01924
1.23202 1.15104 0.07173
1.23216 1.15412 0.01419
1.23231 1.17912 0.03615
1.23246 1.26847 0.13068
1.2326 1.16873 0.0243
1.23275 1.14793 0.03697
1.23289 1.17328 0.09551
1.23303 1.17268 0.02262
1.23318 1.18159 0.03801
1.23333 1.17807 0.05905
1.23347 1.12562 0.05598
1.23362 1.10097 0.05985
1.23376 1.0532 0.05384
1.2339 1.10279 0.07311
1.23405 1.14968 0.05244
1.23419 1.13566 0.11344
1.23434 1.19802 0.06504
1.23449 1.23274 0.03128
1.23463 1.13311 0.08265
1.23477 1.14507 0.08479
1.23492 1.20295 0.12825
1.23506 1.25499 0.20407
1.23521 1.22916 0.26056
1.23536 1.06807 0.16164
1.2355 1.09266 0.15049
1.23565 1.08984 0.11419
1.23579 1.10774 0.08795
1.23593 1.15253 0.06282
1.23608 1.08572 0.04466
1.23623 1.06027 0.06825
1.23637 1.11799 0.02135
1.23652 1.19725 0.11205
1.23666 1.1955 0.06395
1.2368 1.13793 0.0682
1.23695 1.10701 0.05127
1.23709 1.19654 0.06806
1.23724 1.20365 0.05816
1.23739 1.25591 0.07093
1.23753 1.22977 0.08285
1.23767 1.22309 0.13097
1.23782 1.15873 0.07867
1.23796 1.16766 0.08336
1.23811 1.23696 0.08121
1.23826 1.23307 0.09168
1.2384 1.11523 0.11703
1.23854 1.16764 0.129
1.23869 1.13547 0.18225
1.23883 1.23219 0.20647
1.23898 1.19043 0.07508
1.23913 1.074 0.08552
1.23927 1.04915 0.09311
1.23942 0.99287 0.14037
1.23956 0.95322 0.11086
1.2397 1.05536 0.13186
1.23985 1.15348 0.10208
1.24 1.17128 0.1323
1.24014 1.17673 0.15465
1.24029 1.08108 0.08943
1.24043 1.09766 0.10295
1.24057 1.08912 0.1204
1.24072 1.10958 0.18084
1.24086 1.03833 0.05313
1.24101 1.10471 0.05031
1.24116 1.08791 0.02939
1.2413 1.1627 0.07143
1.24144 1.19255 0.05605
1.24159 1.1742 0.01564
1.24173 1.12256 0.05732
1.24188 1.15872 0.0413
1.24203 1.10928 0.06862
1.24217 1.12266 0.07124
1.24232 1.13178 0.06614
1.24246 1.09287 0.13818
1.2426 1.07028 0.14528
1.24275 1.05802 0.16311
1.2429 1.02976 0.13328
1.24304 1.07859 0.10987
1.24319 0.98819 0.12578
1.24333 0.98249 0.09826
1.24347 0.82864 0.10843
1.24362 0.764 0.10976
1.24376 0.81013 0.08831
1.24391 0.76817 0.06027
1.24406 0.86828 0.02679
1.2442 0.90012 0.0842
1.24434 1.08448 0.12317
1.24449 1.10831 0.02972
1.24463 1.18374 0.0989
1.24478 1.10146 0.0824
1.24493 1.14423 0.09494
1.24507 1.12312 0.12383
1.24522 1.11336 0.08679
1.24536 1.16046 0.03827
1.2455 1.15583 0.05518
1.24565 1.17113 0.06266
1.2458 1.1653 0.03621
1.24594 1.13422 0.05635
1.24609 1.12698 0.06796
1.24623 1.19657 0.0685
1.24637 1.13607 0.06267
1.24652 1.09693 0.0435
1.24667 1.04791 0.06497
1.24681 1.1166 0.05944
1.24696 1.15047 0.05782
1.2471 1.18965 0.06767
1.24724 1.21579 0.07975
1.24739 1.23327 0.09414
1.24753 1.14484 0.11945
1.24768 1.16492 0.11792
1.24783 1.16187 0.1013
1.24797 1.11857 0.12936
1.24811 1.14891 0.09641
1.24826 1.17322 0.09295
1.2484 1.07942 0.04434
1.24855 1.11753 0.03099
1.2487 1.10393 0.02537
1.24884 1.177 0.09175
1.24899 1.20065 0.1142
1.24913 1.18573 0.08083
1.24927 1.22175 0.05802
1.24942 1.21785 0.0923
1.24957 1.24466 0.09806
1.24971 1.15894 0.04705
1.24986 1.13975 0.0805
1.25 1.17439 0.14408
1.25014 1.19783 0.10426
1.25029 1.17807 0.07703
1.25043 1.21015 0.14118
1.25058 1.13438 0.05724
1.25073 1.22719 0.11781
1.25087 1.25114 0.09346
1.25101 1.23139 0.06635
1.25116 1.10276 0.05461
1.2513 1.0619 0.06953
1.25145 1.18014 0.11657
1.2516 1.15977 0.04166
1.25174 1.16245 0.01869
1.25189 1.13195 0.06686
1.25203 1.13533 0.03301
1.25217 1.09761 0.12549
1.25232 1.04329 0.05493
1.25247 0.98422 0.10103
1.25261 0.91551 0.06364
1.25276 0.85191 0.0487
1.2529 0.89653 0.04501
1.25304 1.05095 0.09839
1.25319 1.08265 0.03685
1.25333 1.13355 0.04749
1.25348 1.26642 0.1369
1.25363 1.21421 0.02265
1.25377 1.15939 0.01488
1.25391 1.21731 0.04588
1.25406 1.18316 0.06736
1.2542 1.19166 0.04491
1.25435 1.20914 0.07253
1.2545 1.2082 0.07741
1.25464 1.26001 0.10206
1.25478 1.22633 0.12144
1.25493 1.22869 0.06389
1.25507 1.20435 0.04128
1.25522 1.26966 0.12126
1.25537 1.18803 0.08708
1.25551 1.21769 0.05862
1.25566 1.23091 0.05092
1.2558 1.23969 0.07887
1.25594 1.22768 0.04739
1.25609 1.29327 0.04496
1.25624 1.26589 0.05842
1.25638 1.23977 0.06462
1.25653 1.16759 0.02426
1.25667 1.1643 0.02634
1.25681 1.16247 0.08346
1.25696 1.14725 0.06151
1.2571 1.10424 0.05684
1.25725 1.10881 0.0499
1.2574 1.15657 0.04139
1.25754 1.16424 0.06252
1.25768 1.1968 0.09173
1.25783 1.1994 0.02927
1.25797 1.15039 0.06215
1.25812 1.11084 0.01135
1.25827 1.15662 0.07971
1.25841 1.17576 0.03109
1.25856 1.18727 0.08516
1.2587 1.20699 0.12655
1.25884 1.23951 0.09883
1.25899 1.19237 0.08596
1.25914 1.17372 0.07489
1.25928 1.19065 0.09755
1.25943 1.10759 0.09288
1.25957 1.11622 0.07811
1.25971 1.1121 0.05293
1.25986 1.15806 0.16819
1.26 1.2138 0.14357
1.26015 1.17148 0.07371
1.2603 1.12686 0.08528
1.26044 1.17115 0.14553
1.26058 1.13542 0.11081
1.26073 1.135 0.11848
1.26087 1.19966 0.14831
1.26102 1.18428 0.10823
1.26117 1.22419 0.05124
1.26131 1.25321 0.05376
1.26146 1.28925 0.04026
1.2616 1.33592 0.08595
1.26174 1.31899 0.05091
1.26189 1.28145 0.04077
1.26204 1.18888 0.03616
1.26218 1.19998 0.0964
1.26233 1.16428 0.04578
1.26247 1.23467 0.04486
1.26261 1.2438 0.04217
1.26276 1.25168 0.0578
1.26291 1.1937 0.05079
1.26305 1.23227 0.02894
1.2632 1.19184 0.06145
1.26334 1.2228 0.0402
1.26348 1.17932 0.0739
1.26363 1.17502 0.04077
1.26377 1.25557 0.0206
1.26392 1.29383 0.14032
1.26407 1.20217 0.09697
1.26421 1.20827 0.11853
1.26435 1.2655 0.07847
1.2645 1.19785 0.15252
1.26464 1.20124 0.1842
1.26479 1.27091 0.15411
1.26494 1.29606 0.27722
1.26508 1.22011 0.19807
1.26523 1.22766 0.00286
1.26537 1.30496 0.00857
1.26551 1.29979 0.08787
1.26566 1.2961 0.05231
1.26581 1.29589 0.10144
1.26595 1.31286 0.06555
1.2661 1.29073 0.08958
1.26624 1.3265 0.03342
1.26638 1.32256 0.03139
1.26653 1.30764 0.10744
1.26667 1.29245 0.07796
1.26682 1.42142 0.01333
1.26697 1.31826 0.11699
1.26711 1.26478 0.03335
1.26725 1.29937 0.0685
1.2674 1.32903 0.08358
1.26754 1.37168 0.12356
1.26769 1.26452 0.08203
1.26784 1.28394 0.04229
1.26798 1.27048 0.07344
1.26813 1.25142 0.12348
1.26827 1.35123 0.06234
1.26841 1.46638 0.15312
1.26856 1.34817 0.04211
1.26871 1.34722 0.1506
1.26885 1.41372 0.17387
1.269 1.32575 0.13229
1.26914 1.38776 0.17057
1.26928 1.33515 0.11709
1.26943 1.3655 0.11115
1.26957 1.37196 0.1889
1.26972 1.3548 0.25381
1.26987 1.33302 0.1027
1.27001 1.31015 0.14458
1.27015 1.31554 0.09296
1.2703 1.26188 0.12479
1.27044 1.2945 0.12588
1.27059 1.27772 0.05022
1.27074 1.25983 0.09772
1.27088 1.28168 0.08528
1.27102 1.31741 0.03673
1.27117 1.28787 0.03095
1.27131 1.26241 0.18513
1.27146 1.22825 0.0947
1.27161 1.27974 0.06725
1.27175 1.28797 0.04185
1.2719 1.31144 0.03303
1.27204 1.31951 0.07751
1.27218 1.29885 0.11866
1.27233 1.297 0.11215
1.27248 1.3008 0.12678
1.27262 1.36644 0.09202
1.27277 1.34675 0.01192
1.27291 1.33344 0.06509
1.27305 1.35018 0.00987
1.2732 1.39493 0.09056
1.27334 1.33952 0.06776
1.27349 1.25137 0.04531
1.27364 1.30194 0.05654
1.27378 1.3433 0.03238
1.27392 1.38479 0.03374
1.27407 1.32848 0.01528
1.27421 1.25614 0.07079
1.27436 1.22786 0.06214
1.27451 1.22156 0.04877
1.27465 1.26271 0.12824
1.2748 1.31754 0.10907
1.27494 1.35286 0.11196
1.27508 1.35123 0.09936
1.27523 1.36149 0.12473
1.27538 1.35363 0.1415
1.27552 1.28079 0.20257
1.27567 1.25063 0.14022
1.27581 1.30303 0.07382
1.27595 1.31258 0.1462
1.2761 1.34676 0.14303
1.27624 1.4173 0.13676
1.27639 1.48698 0.20914
1.27654 1.37048 0.15698
1.27668 1.35644 0.1577
1.27682 1.35287 0.09892
1.27697 1.32555 0.06104
1.27711 1.38706 0.03283
1.27726 1.44832 0.01627
1.27741 1.49332 0.06723
1.27755 1.48798 0.11169
1.27769 1.43972 0.0468
1.27784 1.43554 0.10299
1.27798 1.47636 0.04616
1.27813 1.41218 0.12424
1.27828 1.42039 0.19886
1.27842 1.29121 0.20846
1.27857 1.34713 0.18974
1.27871 1.38582 0.1731
1.27885 1.16951 0.15422
1.279 1.22818 0.04019
1.27915 1.24608 0.08251
1.27929 1.34696 0.06474
1.27944 1.39214 0.06913
1.27958 1.38052 0.12571
1.27972 1.44762 0.08524
1.27987 1.45694 0.07056
1.28001 1.45579 0.12829
1.28016 1.41332 0.17112
1.28031 1.42654 0.19463
1.28045 1.44325 0.17345
1.28059 1.36225 0.23911
1.28074 1.36351 0.2039
1.28088 1.27095 0.26245
1.28103 1.2737 0.21745
1.28118 1.29066 0.1428
1.28132 1.3462 0.10891
1.28147 1.3477 0.10165
1.28161 1.3724 0.08753
1.28175 1.40176 0.04241
1.2819 1.38217 0.02661
1.28205 1.40275 0.05437
1.28219 1.3531 0.0965
1.28234 1.35624 0.13365
1.28248 1.37311 0.10103
1.28262 1.39957 0.10449
1.28277 1.34183 0.12035
1.28291 1.33728 0.12781
1.28306 1.33814 0.06249
1.28321 1.38152 0.11659
1.28335 1.32436 0.17029
1.28349 1.34199 0.13877
1.28364 1.29803 0.10861
1.28378 1.35285 0.08345
1.28393 1.34766 0.04934
1.28408 1.32599 0.07428
1.28422 1.27329 0.10335
1.28437 1.35398 0.11378
1.28451 1.34441 0.16531
1.28465 1.35627 0.09041
1.2848 1.3831 0.07399
1.28495 1.38879 0.12854
1.28509 1.34002 0.12595
1.28524 1.33503 0.10303
1.28538 1.36972 0.15811
1.28552 1.39909 0.11696
1.28567 1.3327 0.092
1.28582 1.36068 0.08304
1.28596 1.34675 0.10766
1.28611 1.31017 0.16377
1.28625 1.27259 0.1415
1.28639 1.3086 0.14374
1.28654 1.32672 0.12158
1.28668 1.2454 0.13791
1.28683 1.27022 0.13386
1.28698 1.30466 0.15387
1.28712 1.3419 0.11999
1.28726 1.33234 0.08193
1.28741 1.38685 0.10767
1.28755 1.38345 0.06446
1.2877 1.3751 0.08677
1.28785 1.33945 0.09265
1.28799 1.26146 0.10718
1.28814 1.18679 0.11547
1.28828 1.2088 0.04351
1.28842 1.24831 0.08261
1.28857 1.28509 0.03454
1.28872 1.27251 0.04003
1.28886 1.27624 0.12375
1.28901 1.33095 0.07644
1.28915 1.34337 0.08165
1.28929 1.43698 0.11969
1.28944 1.41445 0.10899
1.28958 1.3694 0.17662
1.28973 1.37359 0.19696
1.28988 1.41406 0.14661
1.29002 1.41196 0.12148
1.29016 1.3672 0.07449
1.29031 1.45009 0.11642
1.29045 1.39207 0.28774
1.2906 1.32068 0.29105
1.29075 1.15624 0.33229
1.29089 1.18327 0.22309
1.29104 1.1777 0.18212
1.29118 1.2682 0.14584
1.29132 1.23381 0.08553
1.29147 1.26793 0.11817
1.29162 1.28461 0.08777
1.29176 1.36319 0.07687
1.29191 1.38335 0.13023
1.29205 1.37625 0.16957
1.29219 1.2909 0.1573
1.29234 1.2031 0.11957
1.29248 1.30756 0.1428
1.29263 1.3376 0.09369
1.29278 1.32613 0.02974
1.29292 1.32336 0.04633
1.29306 1.37776 0.07876
1.29321 1.37186 0.0616
1.29335 1.34484 0.05876
1.2935 1.35555 0.10136
1.29365 1.34973 0.04993
1.29379 1.36642 0.0815
1.29393 1.36746 0.15012
1.29408 1.41468 0.09398
1.29422 1.40726 0.10472
1.29437 1.37327 0.14778
1.29452 1.37495 0.16352
1.29466 1.36158 0.14957
1.29481 1.32998 0.06428
1.29495 1.31469 0.101
1.29509 1.33707 0.12458
1.29524 1.3818 0.09236
1.29539 1.42167 0.06278
1.29553 1.3831 0.09127
1.29568 1.31959 0.12856
1.29582 1.30722 0.0996
1.29596 1.32444 0.08555
1.29611 1.31196 0.01886
1.29625 1.27807 0.08521
1.2964 1.22757 0.10398
1.29655 1.27839 0.14449
1.29669 1.31407 0.16007
1.29683 1.339 0.06466
1.29698 1.35301 0.10141
1.29712 1.39961 0.06612
1.29727 1.39836 0.11115
1.29742 1.3963 0.09181
1.29756 1.39031 0.07813
1.29771 1.38091 0.152
1.29785 1.38674 0.0905
1.29799 1.39209 0.11737
1.29814 1.38395 0.14164
1.29829 1.36167 0.02319
1.29843 1.34949 0.08536
1.29858 1.33268 0.10432
1.29872 1.33974 0.09623
1.29886 1.37736 0.06193
1.29901 1.39854 0.06736
1.29915 1.46941 0.09684
1.2993 1.41229 0.0598
1.29945 1.34118 0.11934
1.29959 1.33981 0.09788
1.29973 1.35272 0.09866
1.29988 1.38387 0.13264
1.30002 1.42508 0.10931
1.30017 1.38133 0.11206
1.30032 1.29667 0.09849
1.30046 1.30613 0.08676
1.30061 1.29672 0.09297
1.30075 1.30471 0.08106
1.30089 1.27935 0.04738
1.30104 1.33354 0.07903
1.30119 1.28919 0.11618
1.30133 1.28709 0.09939
1.30148 1.30853 0.02487
1.30162 1.26738 0.04234
1.30176 1.37488 0.12278
1.30191 1.50678 0.19259
1.30206 1.51152 0.22141
1.3022 1.47286 0.24223
1.30235 1.19851 0.24352
1.30249 1.1347 0.20681
1.30263 1.194 0.09055
1.30278 1.29692 0.12949
1.30292 1.28935 0.09471
1.30307 1.26088 0.13494
1.30322 1.26261 0.10948
1.30336 1.28129 0.03034
1.3035 1.27899 0.08928
1.30365 1.30433 0.14847
1.30379 1.34056 0.15332
1.30394 1.33929 0.22012
1.30409 1.31045 0.11261
1.30423 1.31509 0.22034
1.30438 1.27344 0.16665
1.30452 1.25924 0.18441
1.30466 1.23859 0.14658
1.30481 1.27855 0.1504
1.30496 1.33683 0.11192
1.3051 1.42076 0.13882
1.30525 1.40137 0.12954
1.30539 1.35679 0.14596
1.30553 1.37054 0.19363
1.30568 1.37116 0.15222
1.30582 1.38419 0.0931
1.30597 1.38685 0.0962
1.30612 1.3545 0.11257
1.30626 1.35718 0.03988
1.3064 1.3558 0.04901
1.30655 1.34954 0.06731
1.30669 1.34699 0.10572
1.30684 1.41435 0.05801
1.30699 1.36667 0.07201
1.30713 1.26666 0.04328
1.30728 1.30624 0.06465
1.30742 1.35557 0.0466
1.30756 1.3897 0.07885
1.30771 1.33968 0.10032
1.30786 1.35775 0.08503
1.308 1.28503 0.12747
1.30815 1.30047 0.05816
1.30829 1.42412 0.14474
1.30843 1.42455 0.25217
1.30858 1.38863 0.31936
1.30872 1.16133 0.36051
1.30887 1.26599 0.25015
1.30902 1.26993 0.14094
1.30916 1.40766 0.15938
1.3093 1.41241 0.10307
1.30945 1.4003 0.11205
1.30959 1.45699 0.08449
1.30974 1.40079 0.04166
1.30989 1.33675 0.08196
1.31003 1.30306 0.02907
1.31017 1.27481 0.01484
1.31032 1.3454 0.03389
1.31046 1.35325 0.0636
1.31061 1.36262 0.03644
1.31076 1.31993 0.04487
1.3109 1.32651 0.05196
1.31105 1.30995 0.03774
1.31119 1.3544 0.04045
1.31133 1.33185 0.04641
1.31148 1.37398 0.06124
1.31163 1.3507 0.04407
1.31177 1.36799 0.06564
1.31192 1.36279 0.08187
1.31206 1.28759 0.03069
1.3122 1.34707 0.04776
1.31235 1.30656 0.07448
1.31249 1.31578 0.03358
1.31264 1.25005 0.17548
1.31279 1.29584 0.15347
1.31293 1.26224 0.20596
1.31307 1.25589 0.15848
1.31322 1.25439 0.08924
1.31336 1.28122 0.03524
1.31351 1.30115 0.02332
1.31366 1.37322 0.02565
1.3138 1.3799 0.06327
1.31395 1.38435 0.03234
1.31409 1.39604 0.06134
1.31423 1.39705 0.02942
1.31438 1.36059 0.00967
1.31453 1.32027 0.05065
1.31467 1.29311 0.06881
1.31482 1.28658 0.0551
1.31496 1.26952 0.05432
1.3151 1.2806 0.07827
1.31525 1.34037 0.08649
1.31539 1.42801 0.09365
1.31554 1.42485 0.12745
1.31569 1.34672 0.21019
1.31583 1.25552 0.19506
1.31597 1.21075 0.10431
1.31612 1.24218 0.05495
1.31626 1.30628 0.06008
1.31641 1.40045 0.04008
1.31656 1.42479 0.02104
1.3167 1.44336 0.07603
1.31684 1.39316 0.07505
1.31699 1.34311 0.073
1.31713 1.3304 0.05015
1.31728 1.3512 0.04462
1.31743 1.31026 0.08229
1.31757 1.29627 0.11306
1.31772 1.38883 0.04873
1.31786 1.36066 0.06949
1.318 1.28297 0.05707
1.31815 1.2614 0.07422
1.3183 1.24325 0.02446
1.31844 1.2755 0.05459
1.31859 1.34562 0.04888
1.31873 1.35282 0.07715
1.31887 1.4577 0.10048
1.31902 1.49998 0.07209
1.31916 1.49546 0.04776
1.31931 1.49556 0.02576
1.31946 1.47593 0.03585
1.3196 1.41052 0.04592
1.31974 1.3664 0.11041
1.31989 1.36666 0.07466
1.32003 1.3324 0.06104
1.32018 1.29825 0.07041
1.32033 1.31782 0.05964
1.32047 1.30486 0.02313
1.32062 1.32809 0.11174
1.32076 1.3279 0.05773
1.3209 1.3273 0.07141
1.32105 1.36481 0.06543
1.3212 1.32078 0.1065
1.32134 1.26802 0.10327
1.32149 1.34068 0.08707
1.32163 1.37916 0.04895
1.32177 1.36725 0.01195
1.32192 1.42209 0.04876
1.32206 1.40621 0.07756
1.32221 1.38326 0.05095
1.32236 1.34539 0.04658
1.3225 1.37566 0.05626
1.32264 1.40035 0.03853
1.32279 1.42439 0.03931
1.32293 1.44385 0.04736
1.32308 1.4676 0.02535
1.32323 1.38052 0.03288
1.32337 1.38306 0.09449
1.32352 1.42712 0.06716
1.32366 1.37596 0.14979
1.3238 1.25178 0.13931
1.32395 1.21668 0.13772
1.3241 1.19339 0.04625
1.32424 1.20436 0.08482
1.32439 1.32031 0.05705
1.32453 1.41292 0.04478
1.32467 1.44671 0.10974
1.32482 1.45602 0.04406
1.32497 1.37333 0.0887
1.32511 1.30627 0.0622
1.32526 1.23535 0.05578
1.3254 1.2446 0.03318
1.32554 1.26498 0.02992
1.32569 1.24111 0.03537
1.32583 1.26272 0.11532
1.32598 1.27263 0.05983
1.32613 1.35233 0.02385
1.32627 1.32695 0.05557
1.32641 1.35306 0.04317
1.32656 1.34659 0.036
1.3267 1.36343 0.08425
1.32685 1.30983 0.08242
1.327 1.32113 0.0335
1.32714 1.2785 0.04693
1.32729 1.29331 0.05228
1.32743 1.27002 0.03741
1.32757 1.2615 0.05264
1.32772 1.34274 0.05397
1.32787 1.36192 0.00688
1.32801 1.38825 0.0229
1.32816 1.2998 0.05305
1.3283 1.26859 0.04063
1.32844 1.21034 0.05307
1.32859 1.28056 0.06036
1.32873 1.33314 0.06518
1.32888 1.34637 0.0858
1.32903 1.32277 0.07495
1.32917 1.21697 0.00648
1.32931 1.14942 0.06688
1.32946 1.14519 0.05339
1.3296 1.14638 0.01933
1.32975 1.14095 0.04599
1.3299 1.136 0.01566
1.33004 1.12097 0.01063
1.33019 1.13463 0.09097
1.33033 1.13132 0.0758
1.33047 1.09695 0.12372
1.33062 1.12777 0.07332
1.33077 1.13202 0.05983
1.33091 1.16322 0.04383
1.33106 1.18121 0.04567
1.3312 1.18766 0.00938
1.33134 1.14947 0.04091
1.33149 1.1347 0.05748
1.33163 1.12607 0.02651
1.33178 1.13744 0.03681
1.33193 1.20715 0.04749
1.33207 1.16182 0.06371
1.33221 1.07115 0.04584
1.33236 1.01068 0.03253
1.3325 0.94026 0.07242
1.33265 0.97994 0.08011
1.3328 1.00112 0.04099
1.33294 1.07214 0.01907
1.33308 1.1492 0.02609
1.33323 1.16255 0.05605
1.33337 1.15465 0.02688
1.33352 1.1193 0.0405
1.33367 1.13349 0.0326
1.33381 1.17883 0.0633
1.33396 1.11837 0.02878
1.3341 1.07673 0.0728
1.33424 1.06665 0.00436
1.33439 1.01014 0.09497
1.33454 0.96071 0.07385
1.33468 0.92822 0.04357
1.33483 0.85717 0.03694
1.33497 0.80975 0.03591
1.33511 0.81262 0.06681
1.33526 0.81552 0.0805
1.3354 0.83474 0.1269
1.33555 0.82476 0.07277
1.3357 0.83442 0.07986
1.33584 0.85279 0.13734
1.33598 0.80213 0.10102
1.33613 0.78273 0.09914
1.33627 0.88096 0.0511
1.33642 0.94171 0.0533
1.33657 0.9444 0.03588
1.33671 0.89586 0.039
1.33686 0.87639 0.09841
1.337 0.89011 0.09168
1.33714 0.86686 0.05382
1.33729 0.79704 0.05714
1.33744 0.78027 0.0346
1.33758 0.76545 0.0444
1.33773 0.79497 0.04593
1.33787 0.93339 0.0201
1.33801 0.92669 0.02372
1.33816 0.94493 0.03368
1.3383 0.93634 0.10297
1.33845 0.95569 0.13493
1.3386 0.91479 0.12054
1.33874 0.94823 0.05562
1.33888 0.97328 0.08606
1.33903 0.973 0.07364
1.33917 0.9547 0.12965
1.33932 0.9354 0.06071
1.33947 0.87747 0.01954
1.33961 0.91943 0.10277
1.33976 1.02611 0.05669
1.3399 1.03869 0.05905
1.34004 1.00524 0.08753
1.34019 0.93419 0.11201
1.34034 0.86323 0.12769
1.34048 0.86243 0.13726
1.34063 0.85696 0.17489
1.34077 0.94331 0.17229
1.34091 0.91191 0.13519
1.34106 0.86719 0.11319
1.34121 0.91146 0.03269
1.34135 0.82579 0.07392
1.3415 0.86641 0.11085
1.34164 0.79624 0.10386
1.34178 0.81327 0.12086
1.34193 0.81257 0.09052
1.34207 0.76312 0.05753
1.34222 0.77419 0.10924
1.34237 0.76353 0.08711
1.34251 0.75339 0.1234
1.34265 0.76172 0.11277
1.3428 0.8149 0.13096
1.34294 0.73066 0.1355
1.34309 0.73088 0.07832
1.34324 0.73111 0.10177
1.34338 0.72392 0.1402
1.34353 0.82078 0.08673
1.34367 0.82813 0.06382
1.34381 0.89876 0.03189
1.34396 0.88696 0.06666
1.34411 0.8367 0.06592
1.34425 0.87288 0.08454
1.3444 0.88268 0.10547
1.34454 0.817 0.15378
1.34468 0.80366 0.07594
1.34483 0.72379 0.12013
1.34497 0.7982 0.14715
1.34512 0.79806 0.15324
1.34527 0.8252 0.17927
1.34541 0.82464 0.134
1.34555 0.8067 0.13871
1.3457 0.74837 0.11014
1.34584 0.8053 0.13028
1.34599 0.91818 0.09611
1.34614 0.94644 0.09775
1.34628 0.97877 0.14308
1.34643 0.90076 0.1058
1.34657 0.8603 0.09812
1.34671 0.7932 0.17262
1.34686 0.81549 0.10674
1.34701 0.82996 0.11574
1.34715 0.87059 0.14547
1.3473 0.89599 0.05431
1.34744 0.83655 0.06964
1.34758 0.73695 0.08128
1.34773 0.63369 0.12167
1.34787 0.63396 0.06504
1.34802 0.58368 0.10963
1.34817 0.67729 0.19352
1.34831 0.68692 0.113
1.34845 0.76747 0.06161
1.3486 0.76709 0.11203
1.34874 0.89518 0.0525
1.34889 0.93996 0.06251
1.34904 0.85437 0.01647
1.34918 0.75793 0.05145
1.34932 0.74518 0.16244
1.34947 0.86506 0.0928
1.34961 0.94522 0.0709
1.34976 0.84621 0.14441
1.34991 0.76187 0.10323
1.35005 0.7858 0.08414
1.3502 0.74631 0.06434
1.35034 0.54752 0.15136
1.35048 0.58518 0.20697
1.35063 0.61359 0.124
1.35078 0.61531 0.0878
1.35092 0.63869 0.14374
1.35107 0.75383 0.039
1.35121 0.87525 0.03283
1.35135 0.80737 0.00882
1.3515 0.74082 0.08824
1.35164 0.73007 0.13201
1.35179 0.65456 0.01725
1.35194 0.67839 0.19268
1.35208 0.68828 0.12959
1.35222 0.74027 0.2465
1.35237 0.67115 0.10373
1.35251 0.66063 0.06095
1.35266 0.67192 0.02073
1.35281 0.56231 0.14928
1.35295 0.56648 0.20639
1.3531 0.7332 0.01421
1.35324 0.67218 0.09148
