1.09862 21289.5827467 
1.09877 28776.2992907 
1.09891 32676.7392433 
1.09906 34128.5701074 
1.0992 34327.4668599 
1.09934 34339.4604361 
1.09949 34558.6029861 
1.09964 34919.7986623 
1.09978 35073.2138968 
1.09993 34889.6417734 
1.10007 34525.5600768 
1.10021 34150.7702681 
1.10036 33865.9621577 
1.1005 33811.181015 
1.10065 34075.3396263 
1.1008 34565.8138956 
1.10094 34947.5985879 
1.10108 35161.7326699 
1.10123 35346.6481532 
1.10137 35488.1699 
1.10152 35494.251939 
1.10167 35406.752172 
1.10181 35375.0547913 
1.10196 35397.8236739 
1.1021 35315.6584437 
1.10224 35026.3889727 
1.10239 34670.039354 
1.10254 34604.2767672 
1.10268 34820.1411805 
1.10283 34978.6932384 
1.10297 34710.5109249 
1.10311 33975.1028837 
1.10326 33018.3517728 
1.1034 32477.8784928 
1.10355 32542.3352835 
1.1037 32997.7922421 
1.10384 33318.6499884 
1.10398 33323.8654646 
1.10413 33102.9465635 
1.10427 32946.2886563 
1.10442 33067.9842033 
1.10457 33484.0018592 
1.10471 33916.4600267 
1.10486 34197.3512685 
1.105 34161.4113173 
1.10514 33828.0032528 
1.10529 33372.6680113 
1.10544 33117.1468076 
1.10558 33133.8325143 
1.10573 33316.0950142 
1.10587 33447.423231 
1.10601 33404.1863892 
1.10616 33243.3864344 
1.10631 33167.8675928 
1.10645 33289.7917204 
1.1066 33579.2278265 
1.10674 33762.045122 
1.10688 33723.0618594 
1.10703 33677.56971 
1.10717 33908.5514777 
1.10732 34387.4644265 
1.10747 34723.2117209 
1.10761 34551.1522708 
1.10775 33860.4737292 
1.1079 32984.5277447 
1.10804 32640.3778743 
1.10819 33050.5060894 
1.10834 33886.0274154 
1.10848 34553.916738 
1.10863 34908.794979 
1.10877 34809.2637246 
1.10891 34220.7594454 
1.10906 33145.5518107 
1.10921 32022.399537 
1.10935 31574.7148408 
1.1095 32167.1692838 
1.10964 33305.8062682 
1.10978 34317.0041971 
1.10993 34966.6445274 
1.11007 35195.4778474 
1.11022 35091.1848843 
1.11037 34778.7215895 
1.11051 34459.4462134 
1.11065 34176.3165905 
1.1108 33948.4440183 
1.11094 33834.2992273 
1.11109 33800.2851775 
1.11124 33812.3109575 
1.11138 33917.0669909 
1.11153 34306.7087764 
1.11167 34871.5983605 
1.11181 35280.78798 
1.11196 35332.3705626 
1.11211 35131.1391746 
1.11225 34915.8971485 
1.1124 34766.4411041 
1.11254 34600.9569012 
1.11268 34193.5356494 
1.11283 33563.1836145 
1.11298 33282.491621 
1.11312 33646.2381362 
1.11327 34277.1313634 
1.11341 34436.4604234 
1.11355 34024.0712845 
1.1137 33437.8002028 
1.11384 33256.5523894 
1.11399 33557.0123034 
1.11414 34146.571592 
1.11428 34702.0394498 
1.11442 35038.5450726 
1.11457 35028.9163227 
1.11471 34742.4422074 
1.11486 34327.4900633 
1.11501 34041.3489809 
1.11515 34178.7469491 
1.1153 34808.5942256 
1.11544 35395.9195086 
1.11558 35582.1726879 
1.11573 35427.2504815 
1.11588 35172.2516657 
1.11602 34923.8721447 
1.11617 34716.6497867 
1.11631 34721.5311565 
1.11645 34933.2750891 
1.1166 35119.1956623 
1.11674 35065.2839294 
1.11689 34946.2609427 
1.11704 34968.141795 
1.11718 34972.6861039 
1.11732 34791.1514708 
1.11747 34504.4641148 
1.11761 34404.238703 
1.11776 34650.6964221 
1.11791 35223.3408698 
1.11805 35877.7807259 
1.1182 36483.5073362 
1.11834 36715.8352174 
1.11848 36438.1975654 
1.11863 35623.5127035 
1.11878 34529.247866 
1.11892 33503.4236434 
1.11907 32708.0727633 
1.11921 32568.9419654 
1.11935 33102.0500306 
1.1195 34043.2545375 
1.11964 34798.4047743 
1.11979 35255.450892 
1.11994 35135.5363507 
1.12008 34148.492587 
1.12022 32536.5273623 
1.12037 31389.2790653 
1.12051 31822.3120033 
1.12066 33515.2526495 
1.12081 35291.3193206 
1.12095 36355.9039861 
1.12109 36811.2335079 
1.12124 36817.051817 
1.12138 36476.3055366 
1.12153 35862.9336532 
1.12168 35264.5407185 
1.12182 34899.7965184 
1.12197 34401.9886126 
1.12211 33199.9053524 
1.12225 31397.3428179 
1.1224 30327.8179031 
1.12255 31348.3490942 
1.12269 33421.8140963 
1.12284 35314.1287772 
1.12298 36207.35037 
1.12312 36419.4658794 
1.12327 36341.2666915 
1.12341 36355.8443513 
1.12356 36586.4777675 
1.12371 36877.7070607 
1.12385 36938.866712 
1.12399 36600.5922161 
1.12414 35929.6823863 
1.12428 35465.0144666 
1.12443 35544.0400804 
1.12458 36176.9090634 
1.12472 36920.1679564 
1.12487 37465.6598407 
1.12501 37459.0437849 
1.12515 36979.6415074 
1.1253 36452.1683493 
1.12545 36397.5534275 
1.12559 36696.15162 
1.12574 37042.8408257 
1.12588 37153.0868825 
1.12602 36961.5437913 
1.12617 36573.9090546 
1.12631 36372.5452598 
1.12646 36665.7285229 
1.12661 37460.2678475 
1.12675 38175.1446915 
1.12689 38458.6187982 
1.12704 38322.834967 
1.12718 38010.5087704 
1.12733 37715.5298427 
1.12748 37664.7457276 
1.12762 37789.481536 
1.12777 37852.583622 
1.12791 37682.9167482 
1.12805 37304.0676041 
1.1282 36887.4709008 
1.12835 36713.7143813 
1.12849 36792.448997 
1.12864 37022.902963 
1.12878 37226.9356333 
1.12892 37253.4522314 
1.12907 37083.0125118 
1.12922 36919.362444 
1.12936 36985.7484158 
1.12951 37388.3633068 
1.12965 37827.383864 
1.12979 37853.3055858 
1.12994 37150.9461248 
1.13008 36069.6715918 
1.13023 35178.9503033 
1.13038 35235.1539474 
1.13052 36089.0420364 
1.13066 37105.6667097 
1.13081 37764.0614742 
1.13095 37909.0267485 
1.1311 37976.6710571 
1.13125 38246.011014 
1.13139 38491.0002145 
1.13154 38489.8795017 
1.13168 38196.3715501 
1.13182 37698.1274768 
1.13197 37241.4529225 
1.13212 37159.1757568 
1.13226 37333.0516824 
1.13241 37494.3794609 
1.13255 37443.9823649 
1.13269 37170.1735709 
1.13284 36749.0648077 
1.13298 36463.4158703 
1.13313 36579.038155 
1.13328 37196.3226471 
1.13342 37830.6247664 
1.13356 38067.6466674 
1.13371 37839.2139863 
1.13385 37491.4321031 
1.134 37291.3267869 
1.13415 37275.8538436 
1.13429 37196.797641 
1.13444 36919.9651387 
1.13458 36567.8840137 
1.13472 36121.9032293 
1.13487 35461.5521462 
1.13502 34823.4359041 
1.13516 34714.4470158 
1.13531 35393.5803775 
1.13545 36357.0523353 
1.13559 36967.8821433 
1.13574 37109.4159879 
1.13589 37235.5438777 
1.13603 37647.0217802 
1.13618 38244.1651166 
1.13632 38538.5256329 
1.13646 38242.4069585 
1.13661 37380.1800871 
1.13675 36593.8240247 
1.1369 36266.4014541 
1.13705 36416.8563811 
1.13719 36582.7220364 
1.13733 36572.2100236 
1.13748 36539.1049246 
1.13762 36665.9108007 
1.13777 36949.1286879 
1.13792 37239.9106007 
1.13806 37378.447346 
1.13821 37293.4596279 
1.13835 37006.2432775 
1.13849 36677.0453235 
1.13864 36555.843092 
1.13879 36730.3229356 
1.13893 36934.1129999 
1.13908 37002.4622647 
1.13922 36943.0076368 
1.13936 36860.6120439 
1.13951 36825.2480569 
1.13965 36875.3833729 
1.1398 37068.7798064 
1.13995 37361.28283 
1.14009 37485.9576143 
1.14023 37281.1862158 
1.14038 36779.4115285 
1.14052 36299.7833024 
1.14067 36099.5095288 
1.14082 36425.7429821 
1.14096 37084.2561969 
1.14111 37794.7099279 
1.14125 38133.1047776 
1.14139 38085.5529628 
1.14154 37918.8581491 
1.14169 38024.9262944 
1.14183 38396.8941827 
1.14198 38813.9664462 
1.14212 38947.1578626 
1.14226 38706.1193029 
1.14241 38176.8869821 
1.14255 37813.0643527 
1.1427 37903.1467945 
1.14285 38332.4141039 
1.14299 38635.048301 
1.14313 38663.6597311 
1.14328 38427.1660828 
1.14342 37951.0967876 
1.14357 37145.5121324 
1.14372 36311.7102358 
1.14386 36068.3547505 
1.14401 36661.6388399 
1.14415 37474.6221811 
1.14429 37925.0463581 
1.14444 38129.0732542 
1.14459 38483.0912206 
1.14473 38886.2434199 
1.14488 39073.6726451 
1.14502 38915.1025544 
1.14516 38520.8541884 
1.14531 38047.7466058 
1.14546 37789.1067681 
1.1456 37919.6280072 
1.14575 38368.5462757 
1.14589 38702.1783427 
1.14603 38670.2820577 
1.14618 38285.5219379 
1.14632 37827.6230169 
1.14647 37454.1025192 
1.14662 37160.851139 
1.14676 36658.0603599 
1.1469 35963.7662725 
1.14705 35735.1579249 
1.14719 36509.7926681 
1.14734 37999.9790419 
1.14749 39322.0596913 
1.14763 39974.4363953 
1.14778 40041.7292412 
1.14792 39636.0028259 
1.14806 38980.822245 
1.14821 38441.6233719 
1.14836 38490.8305558 
1.1485 39045.0989458 
1.14865 39727.3831801 
1.14879 39987.7755306 
1.14893 39775.9479544 
1.14908 39336.4490467 
1.14922 39066.0770594 
1.14937 38985.8236531 
1.14952 38861.4635048 
1.14966 38599.6524277 
1.1498 38497.6057258 
1.14995 38784.2083814 
1.15009 39085.0180362 
1.15024 39126.2988815 
1.15039 39089.9120999 
1.15053 39185.7323977 
1.15068 39350.495223 
1.15082 39444.5768644 
1.15096 39488.7392437 
1.15111 39561.3707313 
1.15126 39620.1394553 
1.1514 39574.9248549 
1.15155 39431.9933018 
1.15169 39213.5160539 
1.15183 38945.5334074 
1.15198 38846.555528 
1.15213 39121.1495437 
1.15227 39550.3216559 
1.15242 39905.6276658 
1.15256 39988.5238979 
1.1527 39844.9948657 
1.15285 39610.9249674 
1.15299 39444.763298 
1.15314 39385.7713502 
1.15329 39501.2674566 
1.15343 39677.5714781 
1.15357 39705.2993147 
1.15372 39400.3509583 
1.15386 38830.6255085 
1.15401 38049.8137406 
1.15416 37079.1842311 
1.1543 36128.4234402 
1.15445 35855.8323793 
1.15459 36841.900853 
1.15473 38510.1724063 
1.15488 40058.4193776 
1.15503 40907.2556377 
1.15517 41166.4748422 
1.15532 41172.6914809 
1.15546 41070.8149612 
1.1556 40845.6082661 
1.15575 40515.7728494 
1.15589 40242.0660657 
1.15604 39999.3099467 
1.15619 39628.8535126 
1.15633 39079.7226569 
1.15647 38633.5275705 
1.15662 38629.3356773 
1.15676 38891.8801566 
1.15691 39103.6546927 
1.15706 39288.9777985 
1.1572 39611.2789134 
1.15735 39993.6352067 
1.15749 40048.8480663 
1.15763 39757.63274 
1.15778 39526.7393068 
1.15793 39771.5611848 
1.15807 40237.8128093 
1.15822 40579.318383 
1.15836 40584.8221852 
1.1585 40320.395844 
1.15865 39849.9586912 
1.15879 39350.0497821 
1.15894 38982.7931074 
1.15909 39036.772935 
1.15923 39375.7254867 
1.15937 39682.9618395 
1.15952 39789.8664379 
1.15966 39763.215801 
1.15981 39691.9724272 
1.15996 39258.4597433 
1.1601 38035.5765213 
1.16024 36266.5530306 
1.16039 35167.6404497 
1.16053 35803.0910514 
1.16068 37609.1450245 
1.16083 39323.3385803 
1.16097 40373.3562867 
1.16112 40981.0759355 
1.16126 41165.4166052 
1.1614 41042.3083447 
1.16155 40776.2885315 
1.1617 40615.4422085 
1.16184 40556.3984721 
1.16199 40374.1527847 
1.16213 39977.4994167 
1.16227 39628.9608983 
1.16242 39760.6473505 
1.16256 40269.7642186 
1.16271 40750.932569 
1.16286 40998.6715246 
1.163 41151.7730227 
1.16314 41332.2714756 
1.16329 41498.7850552 
1.16343 41462.0980744 
1.16358 41207.5458449 
1.16373 40934.8310194 
1.16387 40727.7841043 
1.16402 40510.7312067 
1.16416 40363.9813524 
1.1643 40393.2608141 
1.16445 40688.674471 
1.1646 41064.6509102 
1.16474 41146.8363218 
1.16489 40857.7449207 
1.16503 40502.7245311 
1.16517 40212.977671 
1.16532 39825.9947489 
1.16546 39429.5068001 
1.16561 39397.2467639 
1.16576 39972.871943 
1.1659 40650.6559329 
1.16604 40874.6579913 
1.16619 40250.3945257 
1.16633 39096.0365403 
1.16648 38242.9950066 
1.16663 38654.5640789 
1.16677 39825.0106898 
1.16692 40904.05172 
1.16706 41294.7883399 
1.1672 41225.1036475 
1.16735 41063.9945568 
1.1675 41103.0411525 
1.16764 41280.5710786 
1.16779 41506.3455044 
1.16793 41640.7123887 
1.16807 41546.094713 
1.16822 41198.019046 
1.16837 40830.3376979 
1.16851 40621.9197554 
1.16866 40509.8918148 
1.1688 40349.2009521 
1.16894 40002.2301724 
1.16909 39489.164525 
1.16923 39112.2211056 
1.16938 39084.2487453 
1.16953 39469.8707511 
1.16967 39920.351985 
1.16981 40183.8863368 
1.16996 40200.7908314 
1.1701 40004.5826277 
1.17025 39628.6144831 
1.1704 39354.2283914 
1.17054 39600.0607221 
1.17069 40508.1124729 
1.17083 41443.5385976 
1.17097 41892.185508 
1.17112 41745.1195123 
1.17127 41256.6676073 
1.17141 40894.2397618 
1.17156 41002.5174995 
1.1717 41542.3668302 
1.17184 42142.7997882 
1.17199 42541.880583 
1.17213 42647.9089265 
1.17228 42592.1699996 
1.17243 42451.2306086 
1.17257 42201.2630575 
1.17271 41798.6409064 
1.17286 41251.0981635 
1.173 40716.0121941 
1.17315 40221.0477338 
1.1733 39921.2953701 
1.17344 39898.7488627 
1.17359 39928.9329723 
1.17373 39438.8816224 
1.17387 38390.6546589 
1.17402 37749.6619669 
1.17417 38493.5968017 
1.17431 39842.8236699 
1.17446 40948.3251688 
1.1746 41426.2281181 
1.17474 41553.4309079 
1.17489 41461.4639145 
1.17503 41266.4235569 
1.17518 41145.8107511 
1.17533 41266.9245265 
1.17547 41414.3866594 
1.17561 41272.4487408 
1.17576 40775.5566958 
1.1759 40379.1784272 
1.17605 40434.725998 
1.1762 40868.2725578 
1.17634 41164.4435918 
1.17648 41110.9100355 
1.17663 40761.1704947 
1.17677 40359.726487 
1.17692 40053.6594519 
1.17707 39994.2786426 
1.17721 40111.5972086 
1.17736 40273.6679245 
1.1775 40309.2069991 
1.17764 40199.3689763 
1.17779 40132.1696701 
1.17794 40339.0497802 
1.17808 40736.3349909 
1.17823 41184.693866 
1.17837 41427.1725642 
1.17851 41347.4198038 
1.17866 40912.7108295 
1.1788 40446.4113784 
1.17895 40368.7936736 
1.1791 40902.2190647 
1.17924 41552.8483214 
1.17938 41955.2998599 
1.17953 42092.5184372 
1.17967 42079.8268096 
1.17982 42007.8682836 
1.17997 41963.0249112 
1.18011 42038.2189701 
1.18026 42238.7427985 
1.1804 42343.6091764 
1.18054 42218.4393843 
1.18069 41915.9678544 
1.18084 41498.4912387 
1.18098 41021.8436415 
1.18113 40756.0596385 
1.18127 40987.3702584 
1.18141 41418.0601623 
1.18156 41643.2156652 
1.1817 41586.9581475 
1.18185 41581.0515992 
1.182 41875.8162423 
1.18214 42251.6138239 
1.18228 42456.7685329 
1.18243 42448.5055118 
1.18257 42380.2674731 
1.18272 42425.8530369 
1.18287 42646.906961 
1.18301 42890.6984981 
1.18316 42992.5817415 
1.1833 42791.3378389 
1.18344 42343.2730456 
1.18359 41958.9399004 
1.18374 42068.4693532 
1.18388 42608.4134722 
1.18403 43270.7341086 
1.18417 43526.8347014 
1.18431 43288.4575881 
1.18446 42834.916485 
1.18461 42594.128294 
1.18475 42579.1972622 
1.1849 42639.051256 
1.18504 42711.532933 
1.18518 42804.507089 
1.18533 42935.4515369 
1.18547 43075.9493841 
1.18562 43269.578572 
1.18577 43479.4897419 
1.18591 43507.4387672 
1.18605 43320.6244341 
1.1862 43118.2897903 
1.18634 43036.2379014 
1.18649 42932.0095434 
1.18664 42780.6631996 
1.18678 42717.3196973 
1.18693 42774.792962 
1.18707 42808.3979425 
1.18721 42735.1371947 
1.18736 42697.9971584 
1.18751 42845.2702203 
1.18765 43034.626948 
1.1878 43149.3773132 
1.18794 43160.259757 
1.18808 43091.0498517 
1.18823 42931.5430997 
1.18837 42733.164149 
1.18852 42638.357734 
1.18867 42864.9318235 
1.18881 43255.2655523 
1.18895 43543.2973388 
1.1891 43652.0909236 
1.18924 43682.5829721 
1.18939 43753.6249103 
1.18954 43869.2408057 
1.18968 43961.5740402 
1.18983 43994.9036647 
1.18997 43853.4825321 
1.19011 43448.5262757 
1.19026 42924.3834039 
1.19041 42674.5810144 
1.19055 42763.0743221 
1.1907 43000.5146101 
1.19084 43129.9204916 
1.19098 43094.2499495 
1.19113 43032.562964 
1.19128 43117.6912862 
1.19142 43288.2741238 
1.19157 43463.8920872 
1.19171 43577.3601591 
1.19185 43597.9256246 
1.192 43490.2246594 
1.19214 43366.6127781 
1.19229 43473.5093784 
1.19244 43907.2661601 
1.19258 44235.6615093 
1.19272 44123.4348232 
1.19287 43618.9374794 
1.19301 43168.807122 
1.19316 43027.2722755 
1.19331 43297.2621438 
1.19345 43711.2058615 
1.1936 43940.4338097 
1.19374 43700.9662907 
1.19388 43152.7104405 
1.19403 42723.5610856 
1.19418 42782.3090643 
1.19432 43174.4327679 
1.19447 43722.6343604 
1.19461 44146.0488312 
1.19475 44263.5267645 
1.1949 43937.8330301 
1.19504 43392.8372544 
1.19519 43024.5924831 
1.19534 43218.5277387 
1.19548 43742.597777 
1.19562 44207.7238204 
1.19577 44320.4875572 
1.19591 44004.5969856 
1.19606 43506.4745405 
1.19621 43256.88413 
1.19635 43326.0727853 
1.1965 43526.6968317 
1.19664 43639.7978934 
1.19678 43659.4946272 
1.19693 43788.8568549 
1.19708 44171.8125937 
1.19722 44556.4976772 
1.19737 44621.8684813 
1.19751 44221.6953896 
1.19765 43623.2333258 
1.1978 43205.1676975 
1.19794 43126.4209225 
1.19809 43177.9677225 
1.19824 43223.5890421 
1.19838 43268.4681236 
1.19852 43445.5015794 
1.19867 43860.0342848 
1.19881 44262.3223397 
1.19896 44506.9173093 
1.19911 44633.2836362 
1.19925 44694.3066424 
1.19939 44638.8932131 
1.19954 44450.6881922 
1.19968 44236.3628275 
1.19983 44132.6597362 
1.19998 44295.6752434 
1.20012 44546.3124153 
1.20027 44597.4411858 
1.20041 44364.9646642 
1.20055 44135.4894444 
1.2007 44248.3542119 
1.20085 44654.2362001 
1.20099 44980.1848906 
1.20114 45170.5418523 
1.20128 45226.6787039 
1.20142 45103.9483455 
1.20157 44805.6171798 
1.20171 44576.2278421 
1.20186 44550.2793176 
1.20201 44670.4259917 
1.20215 44757.7591584 
1.20229 44780.4426025 
1.20244 44718.8086902 
1.20258 44540.3924275 
1.20273 44346.6322106 
1.20288 44379.7071113 
1.20302 44625.4114701 
1.20317 44921.667306 
1.20331 44996.1802537 
1.20345 44802.3725046 
1.2036 44604.0066585 
1.20375 44801.984385 
1.20389 45278.1008841 
1.20404 45675.1885518 
1.20418 45636.5260551 
1.20432 45230.7977945 
1.20447 44683.7920401 
1.20461 44303.8689676 
1.20476 44221.2598775 
1.20491 44574.8443923 
1.20505 45103.9033956 
1.20519 45481.1197336 
1.20534 45500.0495812 
1.20548 45239.0948279 
1.20563 45095.2111097 
1.20578 45556.1851524 
1.20592 46422.5140799 
1.20607 47162.5813944 
1.20621 47201.8985581 
1.20635 46686.3187412 
1.2065 46007.0602752 
1.20665 45526.0113112 
1.20679 45268.9230774 
1.20694 45195.2891142 
1.20708 45275.1864982 
1.20722 45383.9321471 
1.20737 45491.2833488 
1.20752 45621.5398859 
1.20766 45818.3859609 
1.20781 46163.3150439 
1.20795 46473.3846222 
1.20809 46558.040085 
1.20824 46394.0560765 
1.20838 46169.7961913 
1.20853 45980.2021877 
1.20868 45796.798256 
1.20882 45501.4799269 
1.20896 45090.1088408 
1.20911 44720.8218383 
1.20925 44626.9245835 
1.2094 44891.3258848 
1.20955 45434.6305396 
1.20969 45934.524958 
1.20984 46296.7817167 
1.20998 46443.7574122 
1.21012 46393.1462369 
1.21027 46316.4769332 
1.21042 46511.9259203 
1.21056 46905.8590397 
1.21071 47238.5136263 
1.21085 47178.8124701 
1.21099 46663.7921509 
1.21114 45790.2101221 
1.21128 45028.5209356 
1.21143 44701.4686246 
1.21158 45023.2307353 
1.21172 45580.648331 
1.21186 45986.5879292 
1.21201 46081.3807345 
1.21215 45936.3120181 
1.2123 45836.6151906 
1.21245 46034.6507792 
1.21259 46358.3774741 
1.21274 46514.8148795 
1.21288 46249.7441926 
1.21302 45616.5329184 
1.21317 44972.0497141 
1.21332 44908.9250259 
1.21346 45509.1026034 
1.21361 46604.7993375 
1.21375 47635.48361 
1.21389 48306.4413891 
1.21404 48484.7614113 
1.21418 48239.3089357 
1.21433 47812.0525923 
1.21448 47511.6691813 
1.21462 47331.4761076 
1.21476 47067.598443 
1.21491 46712.3248235 
1.21505 46568.2359508 
1.2152 46854.5488859 
1.21535 47393.1467993 
1.21549 47564.7039471 
1.21563 47164.955855 
1.21578 46470.6256685 
1.21592 46041.2701268 
1.21607 46048.4151584 
1.21622 46430.4812286 
1.21636 46759.3023002 
1.21651 46734.8258703 
1.21665 46391.2098408 
1.21679 46063.829143 
1.21694 46139.815909 
1.21709 46750.6495048 
1.21723 47568.721461 
1.21738 48430.8183383 
1.21752 48958.3788423 
1.21766 48991.4523459 
1.21781 48557.9483759 
1.21795 48087.4410606 
1.2181 47939.6583637 
1.21825 48177.8156263 
1.21839 48267.9110319 
1.21853 47896.635657 
1.21868 47274.8197477 
1.21882 46995.8545368 
1.21897 47290.3519266 
1.21912 47982.1461517 
1.21926 48509.0380694 
1.21941 48578.7201473 
1.21955 48156.0435297 
1.21969 47431.2468449 
1.21984 46705.9685965 
1.21999 46470.6701244 
1.22013 46745.3358568 
1.22028 47222.1416365 
1.22042 47512.2721799 
1.22056 47600.8661013 
1.22071 47630.076683 
1.22085 47683.1984438 
1.221 47745.4535446 
1.22115 47768.9800152 
1.22129 47717.8949921 
1.22143 47629.8504724 
1.22158 47570.253525 
1.22172 47493.6482374 
1.22187 47367.3761356 
1.22202 47410.7209441 
1.22216 47746.513686 
1.22231 48244.4318433 
1.22245 48472.3260311 
1.22259 48293.8395189 
1.22274 47968.0583716 
1.22289 48013.3614128 
1.22303 48464.9122727 
1.22318 48967.7172775 
1.22332 48939.6532902 
1.22346 48267.8283854 
1.22361 47336.9162625 
1.22376 46995.2835127 
1.2239 47511.3647416 
1.22405 48569.7966338 
1.22419 49351.5182913 
1.22433 49523.4055442 
1.22448 49144.5028313 
1.22462 48674.7784833 
1.22477 48488.7413629 
1.22492 48745.0536372 
1.22506 49049.9211424 
1.2252 49017.2991741 
1.22535 48524.5734862 
1.22549 47918.2815193 
1.22564 47565.4598853 
1.22579 47747.9332621 
1.22593 48225.8519899 
1.22608 48672.4173035 
1.22622 48677.7343692 
1.22636 48196.7860034 
1.22651 47542.1712335 
1.22666 47308.9270027 
1.2268 47670.0285037 
1.22695 48449.0659929 
1.22709 48981.6842455 
1.22723 48819.7744307 
1.22738 47963.7383518 
1.22752 47186.83696 
1.22767 47105.0346604 
1.22782 47886.5524217 
1.22796 48831.9684536 
1.2281 49410.5694539 
1.22825 49457.0543985 
1.22839 49173.2550629 
1.22854 48889.8004945 
1.22869 48924.0550588 
1.22883 49236.1623957 
1.22898 49551.0836355 
1.22912 49505.9707868 
1.22926 49113.597726 
1.22941 48632.7906732 
1.22956 48411.359377 
1.2297 48508.5979308 
1.22985 48813.5668272 
1.22999 49038.218485 
1.23013 49014.369737 
1.23028 48794.7485434 
1.23043 48658.7512532 
1.23057 48765.2343508 
1.23072 49051.3730494 
1.23086 49255.2703994 
1.231 49252.9080027 
1.23115 49057.1361217 
1.23129 48733.3073278 
1.23144 48292.0310766 
1.23159 47997.9418887 
1.23173 48014.6353424 
1.23187 48208.673214 
1.23202 48339.7641067 
1.23216 48188.5585901 
1.23231 47881.4048167 
1.23246 47891.1784727 
1.2326 48377.1889272 
1.23275 49135.9397022 
1.23289 49608.8114947 
1.23303 49570.5424034 
1.23318 49080.0780643 
1.23333 48522.386178 
1.23347 48327.9478478 
1.23362 48695.6855365 
1.23376 49260.2160464 
1.2339 49435.0387184 
1.23405 49010.5189273 
1.23419 48471.3745759 
1.23434 48282.3807782 
1.23449 48563.0748425 
1.23463 48850.8539771 
1.23477 48852.3605725 
1.23492 48651.1639856 
1.23506 48542.6314417 
1.23521 48681.7187625 
1.23536 49134.6290719 
1.2355 49715.8728366 
1.23565 50123.4001191 
1.23579 49942.6758488 
1.23593 49296.2639932 
1.23608 48759.4026353 
1.23623 48919.9640899 
1.23637 49471.7604017 
1.23652 49998.0548123 
1.23666 50291.2000322 
1.2368 50427.8391422 
1.23695 50391.7321291 
1.23709 50280.2609071 
1.23724 50415.815467 
1.23739 50962.4827874 
1.23753 51466.4848162 
1.23767 51533.5071918 
1.23782 51126.3614297 
1.23796 50687.9294028 
1.23811 50583.7226081 
1.23826 50859.1490797 
1.2384 51068.8389589 
1.23854 50943.5868418 
1.23869 50448.0605617 
1.23883 49812.2465448 
1.23898 49245.1937825 
1.23913 49097.7997658 
1.23927 49385.3521955 
1.23942 49969.1288047 
1.23956 50434.832777 
1.2397 50472.5563021 
1.23985 50057.5075731 
1.24 49655.453447 
1.24014 49642.2423872 
1.24029 49904.0910559 
1.24043 49977.3412927 
1.24057 49590.8287888 
1.24072 48810.133389 
1.24086 48127.2064186 
1.24101 47821.5152387 
1.24116 48037.6928894 
1.2413 48393.4824797 
1.24144 48511.3922111 
1.24159 48198.3434025 
1.24173 47584.4358434 
1.24188 46964.5098541 
1.24203 46814.1923839 
1.24217 47135.5962847 
1.24232 47705.9271063 
1.24246 48145.6170325 
1.2426 48283.6460623 
1.24275 48144.2735526 
1.2429 47926.633154 
1.24304 47722.5128664 
1.24319 47433.5097505 
1.24333 47031.9831273 
1.24347 46583.1792696 
1.24362 46327.9583524 
1.24376 46460.7126664 
1.24391 46896.4604747 
1.24406 47349.2026489 
1.2442 47531.2650417 
1.24434 47485.2966486 
1.24449 47475.2284104 
1.24463 47720.5126625 
1.24478 48274.439632 
1.24493 49011.7143676 
1.24507 49737.8530069 
1.24522 50335.5330551 
1.24536 50347.3692493 
1.2455 49681.9848198 
1.24565 48707.4916235 
1.2458 48111.1513957 
1.24594 47996.4276334 
1.24609 48077.8410423 
1.24623 48202.6345267 
1.24637 48509.3234747 
1.24652 49200.2432926 
1.24667 50034.3506344 
1.24681 50587.7270041 
1.24696 50842.0451598 
1.2471 50804.9223541 
1.24724 50497.7884558 
1.24739 49951.6733063 
1.24753 49505.775719 
1.24768 49485.7227077 
1.24783 49976.0177667 
1.24797 50438.9014842 
1.24811 50557.0060348 
1.24826 50365.7372276 
1.2484 50035.4520085 
1.24855 49705.0713874 
1.2487 49733.6430919 
1.24884 50194.2529176 
1.24899 50882.7202624 
1.24913 51347.1532851 
1.24927 51433.7348545 
1.24942 51084.2592699 
1.24957 50368.581561 
1.24971 49641.526406 
1.24986 49227.0814239 
1.25 49297.9043614 
1.25014 49653.8967735 
1.25029 50218.1854952 
1.25043 50813.8341242 
1.25058 51375.0791833 
1.25073 51722.4316257 
1.25087 51693.3680706 
1.25101 51252.1174015 
1.25116 50501.8537887 
1.2513 49813.1857158 
1.25145 49323.7536914 
1.2516 49137.5286529 
1.25174 49065.5787981 
1.25189 48870.5170549 
1.25203 48430.9377578 
1.25217 47732.7090307 
1.25232 46978.3685449 
1.25247 46630.4412083 
1.25261 46869.3455741 
1.25276 47662.8141336 
1.2529 48602.4913603 
1.25304 49396.0170382 
1.25319 49920.7732632 
1.25333 50152.9248544 
1.25348 50392.6020895 
1.25363 50928.9411604 
1.25377 51516.7579949 
1.25391 51660.983549 
1.25406 51072.2226688 
1.2542 50159.5967198 
1.25435 49395.0598713 
1.2545 49137.3751421 
1.25464 49183.9616755 
1.25478 49288.790214 
1.25493 49359.9123306 
1.25507 49366.198773 
1.25522 49490.8348953 
1.25537 49979.7424338 
1.25551 50656.9896811 
1.25566 51172.8795234 
1.2558 51050.4462032 
1.25594 50329.4727035 
1.25609 49492.3249737 
1.25624 49246.6520796 
1.25638 49618.2373861 
1.25653 50356.4626112 
1.25667 51034.1410792 
1.25681 51438.4315629 
1.25696 51478.5200704 
1.2571 51313.9826825 
1.25725 51296.7557203 
1.2574 51554.5943819 
1.25754 51628.497831 
1.25768 51243.1887772 
1.25783 50660.8057145 
1.25797 50455.4791833 
1.25812 50700.5103058 
1.25827 51086.2590513 
1.25841 51275.9702683 
1.25856 51191.4466565 
1.2587 50768.5088498 
1.25884 50110.3142125 
1.25899 49671.3594427 
1.25914 49869.5304942 
1.25928 50323.9526251 
1.25943 50614.0576302 
1.25957 50617.5675221 
1.25971 50524.9859094 
1.25986 50455.4109069 
1.26 50471.7742332 
1.26015 50705.767777 
1.2603 51201.5255603 
1.26044 51675.953016 
1.26058 51979.5681486 
1.26073 52135.0526568 
1.26087 52100.6143551 
1.26102 51805.2527239 
1.26117 51432.445911 
1.26131 51357.3621483 
1.26146 51678.6860629 
1.2616 51956.1668432 
1.26174 51755.6099032 
1.26189 51148.2511568 
1.26204 50772.256415 
1.26218 50908.4586014 
1.26233 51306.1341243 
1.26247 51511.069843 
1.26261 51422.6622644 
1.26276 51222.082178 
1.26291 51139.6261544 
1.26305 51171.7098013 
1.2632 51249.2556919 
1.26334 51242.2671596 
1.26348 51054.7787267 
1.26363 50777.9967549 
1.26377 50681.0787339 
1.26392 50833.4023494 
1.26407 51076.8366888 
1.26421 51134.4507364 
1.26435 50898.1818293 
1.2645 50388.8647694 
1.26464 49976.3551021 
1.26479 50069.1422947 
1.26494 50761.584786 
1.26508 51503.9081757 
1.26523 52057.3934416 
1.26537 52283.6228885 
1.26551 52170.2348303 
1.26566 51816.52324 
1.26581 51623.5640684 
1.26595 51731.355612 
1.2661 51919.1965089 
1.26624 51873.4247182 
1.26638 51541.9297061 
1.26653 51125.1921203 
1.26667 51054.7958976 
1.26682 51532.6406295 
1.26697 52240.0796877 
1.26711 52463.5097854 
1.26725 52045.847957 
1.2674 51368.2611908 
1.26754 51034.3726465 
1.26769 51095.8282318 
1.26784 51322.9086131 
1.26798 51468.1835966 
1.26813 51582.404451 
1.26827 51739.42663 
1.26841 51958.1719737 
1.26856 52332.8088358 
1.26871 52882.60291 
1.26885 53369.4556305 
1.269 53670.1634988 
1.26914 53769.5955378 
1.26928 53761.4985103 
1.26943 53555.7197326 
1.26957 53129.2476977 
1.26972 52731.4730791 
1.26987 52764.4793758 
1.27001 53035.8069369 
1.27015 53162.9272314 
1.2703 52940.390681 
1.27044 52500.7523862 
1.27059 52167.3729621 
1.27074 52197.5202411 
1.27088 52215.778802 
1.27102 51876.9418306 
1.27117 51297.5177743 
1.27131 51015.4836541 
1.27146 51371.4413029 
1.27161 52289.8289547 
1.27175 53041.2063447 
1.2719 53216.2313109 
1.27204 52942.3934612 
1.27218 52736.9336036 
1.27233 52940.3908805 
1.27248 53382.2668304 
1.27262 53572.4140655 
1.27277 53395.6495037 
1.27291 53122.2227638 
1.27305 52949.7930247 
1.2732 52801.3152009 
1.27334 52639.1907365 
1.27349 52730.79429 
1.27364 53276.4467109 
1.27378 53812.3905163 
1.27392 53952.081909 
1.27407 53672.6836746 
1.27421 53272.6741911 
1.27436 52942.617821 
1.27451 52848.941512 
1.27465 52906.8430922 
1.2748 52848.7206026 
1.27494 52525.4802651 
1.27508 52168.8507071 
1.27523 52249.0973141 
1.27538 52976.3233235 
1.27552 53918.4699775 
1.27567 54743.7920934 
1.27581 55065.6522624 
1.27595 54932.040308 
1.2761 54578.0828163 
1.27624 54436.8073764 
1.27639 54714.6962308 
1.27654 55235.3803397 
1.27668 55461.7602073 
1.27682 55158.3678681 
1.27697 54503.1424721 
1.27711 54079.5909844 
1.27726 54099.6921474 
1.27741 54400.63168 
1.27755 54571.1807791 
1.27769 54416.6220272 
1.27784 53830.3455047 
1.27798 53116.2396462 
1.27813 52751.1676834 
1.27828 53001.2394747 
1.27842 53291.752767 
1.27857 53237.8512094 
1.27871 53031.531104 
1.27885 53032.7021226 
1.279 53430.6191133 
1.27915 54004.83728 
1.27929 54371.1349813 
1.27944 54533.2734174 
1.27958 54493.5077425 
1.27972 54172.6857398 
1.27987 53632.1504148 
1.28001 53263.8623814 
1.28016 53231.5008598 
1.28031 53507.9667991 
1.28045 53770.6224176 
1.28059 53827.8036638 
1.28074 53790.4999039 
1.28088 53920.6691834 
1.28103 54278.1958959 
1.28118 54677.9751841 
1.28132 54906.7415373 
1.28147 54830.7435776 
1.28161 54344.046681 
1.28175 53604.7356921 
1.2819 53100.6609584 
1.28205 53304.2394662 
1.28219 53975.4371286 
1.28234 54821.5288855 
1.28248 55414.9478034 
1.28262 55653.2905132 
1.28277 55577.647087 
1.28291 55340.409461 
1.28306 55047.4030165 
1.28321 54775.5693254 
1.28335 54447.1491566 
1.28349 54014.3604229 
1.28364 53583.0227615 
1.28378 53238.4238386 
1.28393 52818.8960277 
1.28408 52470.6129094 
1.28422 52520.4722499 
1.28437 53110.9796799 
1.28451 53881.03599 
1.28465 54386.0834745 
1.2848 54367.0441222 
1.28495 53973.9076609 
1.28509 53699.2394557 
1.28524 53800.0463843 
1.28538 54013.9690969 
1.28552 53929.2184483 
1.28567 53541.4497312 
1.28582 53257.3096422 
1.28596 53376.2553392 
1.28611 53945.9570778 
1.28625 54515.7394199 
1.28639 54627.2373157 
1.28654 54128.7451694 
1.28668 53480.2724934 
1.28683 53255.0246051 
1.28698 53858.3333949 
1.28712 54759.2904163 
1.28726 55307.6722624 
1.28741 55165.6710034 
1.28755 54559.7517926 
1.2877 54020.3922336 
1.28785 54146.573759 
1.28799 54782.9175774 
1.28814 55372.7974983 
1.28828 55268.006971 
1.28842 54539.7769813 
1.28857 53774.7988369 
1.28872 53643.3725183 
1.28886 54001.8814098 
1.28901 54478.6244629 
1.28915 54713.1092038 
1.28929 54677.5188197 
1.28944 54605.0847275 
1.28958 54822.183361 
1.28973 55330.5464686 
1.28988 55665.3221368 
1.29002 55442.5581038 
1.29016 54788.7786994 
1.29031 54130.3997393 
1.29045 53930.4830335 
1.2906 54159.6111905 
1.29075 54557.2238418 
1.29089 54805.8467317 
1.29104 54902.5357426 
1.29118 54909.7094103 
1.29132 54788.5588454 
1.29147 54523.221997 
1.29162 54288.7057119 
1.29176 54217.8770872 
1.29191 54419.0483302 
1.29205 54840.6520107 
1.29219 55154.3195134 
1.29234 55061.0786668 
1.29248 54745.8054941 
1.29263 54637.9310306 
1.29278 54950.6648804 
1.29292 55292.704507 
1.29306 55339.6009187 
1.29321 55154.6535882 
1.29335 55045.8851703 
1.2935 55126.7326547 
1.29365 55435.934705 
1.29379 55942.7300098 
1.29393 56549.245904 
1.29408 57022.1633927 
1.29422 57074.2948763 
1.29437 56731.6398902 
1.29452 56157.4863334 
1.29466 55573.0162947 
1.29481 55115.0348221 
1.29495 54972.5617965 
1.29509 55036.0193619 
1.29524 55205.5704325 
1.29539 55416.542635 
1.29553 55636.9982879 
1.29568 55898.4931371 
1.29582 56080.8118677 
1.29596 56117.2534568 
1.29611 56053.1853984 
1.29625 56014.0431407 
1.2964 56170.7376963 
1.29655 56571.6982883 
1.29669 56838.6343755 
1.29683 56730.8389728 
1.29698 56272.8513883 
1.29712 55702.2926732 
1.29727 55249.2341301 
1.29742 55332.9923201 
1.29756 55879.3088005 
1.29771 56566.6329225 
1.29785 56935.5366751 
1.29799 56955.7739703 
1.29814 56863.1511041 
1.29829 56980.9215543 
1.29843 57318.6380348 
1.29858 57678.1272365 
1.29872 57669.8944487 
1.29886 57170.4324753 
1.29901 56340.5815822 
1.29915 55714.674692 
1.2993 55493.4355492 
1.29945 55615.7138691 
1.29959 55625.653962 
1.29973 55300.531005 
1.29988 54746.909577 
1.30002 54256.4341772 
1.30017 53974.6818065 
1.30032 54279.4085394 
1.30046 55184.2077705 
1.30061 56330.191931 
1.30075 56781.5472282 
1.30089 56284.2490998 
1.30104 55323.0147914 
1.30119 54880.6953938 
1.30133 55154.9167553 
1.30148 55776.1962359 
1.30162 56232.7694969 
1.30176 56440.5496071 
1.30191 56569.73387 
1.30206 56756.0991438 
1.3022 56987.6994435 
1.30235 57325.4007302 
1.30249 57567.9760464 
1.30263 57376.3509184 
1.30278 56555.6479582 
1.30292 55578.3127238 
1.30307 55010.3137113 
1.30322 55326.5451798 
1.30336 56060.4882821 
1.3035 56730.5549224 
1.30365 57202.4293366 
1.30379 57291.0833332 
1.30394 56943.237478 
1.30409 56523.0291824 
1.30423 56502.8382367 
1.30438 56817.925422 
1.30452 56925.635208 
1.30466 56581.3620789 
1.30481 56131.2325622 
1.30496 56237.8616605 
1.3051 56845.7624478 
1.30525 57479.9666463 
1.30539 57626.1042274 
1.30553 57400.4160469 
1.30568 57198.9910402 
1.30582 57348.1868094 
1.30597 57827.5481661 
1.30612 58246.780476 
1.30626 58144.5827278 
1.3064 57569.2928277 
1.30655 56918.0760951 
1.30669 56546.6043781 
1.30684 56357.7613189 
1.30699 56411.0249561 
1.30713 56707.8980418 
1.30728 57076.5963759 
1.30742 57134.965366 
1.30756 56766.7092843 
1.30771 56169.7221801 
1.30786 55850.3429145 
1.308 55991.0410987 
1.30815 56411.4514368 
1.30829 56720.6670018 
1.30843 56842.068051 
1.30858 56996.0011155 
1.30872 57287.4566022 
1.30887 57607.3660768 
1.30902 57789.1783318 
1.30916 57699.4328651 
1.3093 57195.9339637 
1.30945 56321.7374784 
1.30959 55647.8147671 
1.30974 55546.5859062 
1.30989 56118.0640111 
1.31003 56876.1082721 
1.31017 57510.0011239 
1.31032 57915.4409787 
1.31046 57928.3405368 
1.31061 57591.9735325 
1.31076 57282.6868237 
1.3109 57276.289885 
1.31105 57468.7400947 
1.31119 57552.995688 
1.31133 57350.884018 
1.31148 56943.151446 
1.31163 56706.9014219 
1.31177 56874.9101671 
1.31192 57355.6590211 
1.31206 57564.4573587 
1.3122 57080.6141388 
1.31235 55997.1195862 
1.31249 55165.0876301 
1.31264 55079.2009821 
1.31279 55716.5966298 
1.31293 56384.1582634 
1.31307 56833.9225747 
1.31322 57217.1651784 
1.31336 57517.8550354 
1.31351 57697.249178 
1.31366 57821.2911221 
1.3138 57882.3602447 
1.31395 57640.6840762 
1.31409 56968.315646 
1.31423 56078.8143672 
1.31438 55563.6820798 
1.31453 55982.644948 
1.31467 56844.3798774 
1.31482 57416.8518663 
1.31496 57209.0683517 
1.3151 56461.8859103 
1.31525 55558.1708228 
1.31539 54974.4732741 
1.31554 54878.7325344 
1.31569 55426.670896 
1.31583 56242.1023878 
1.31597 56893.5205291 
1.31612 57205.6357962 
1.31626 57407.4579537 
1.31641 57954.1032787 
1.31656 58733.0464344 
1.3167 59080.3909969 
1.31684 58777.3914617 
1.31699 58083.7992099 
1.31713 57541.7861645 
1.31728 57308.0703251 
1.31743 57404.0085815 
1.31757 57536.541831 
1.31772 57378.6888842 
1.31786 56805.839758 
1.318 56021.9776919 
1.31815 55543.2403126 
1.3183 55896.4245719 
1.31844 56758.705812 
1.31859 57563.3992968 
1.31873 57749.9508038 
1.31887 57463.318068 
1.31902 57046.3785028 
1.31916 56769.0379851 
1.31931 56616.7496897 
1.31946 56617.3529014 
1.3196 56626.4945615 
1.31974 56471.8442355 
1.31989 56116.7933233 
1.32003 55757.6378066 
1.32018 55658.2090925 
1.32033 56126.1333032 
1.32047 56888.0388796 
1.32062 57475.0972887 
1.32076 57483.4210596 
1.3209 57178.8764447 
1.32105 57024.475727 
1.3212 57189.6794973 
1.32134 57347.3137922 
1.32149 57294.0850837 
1.32163 57064.2239555 
1.32177 56796.3784874 
1.32192 56568.9499501 
1.32206 56405.4355533 
1.32221 56405.9246836 
1.32236 56764.1718413 
1.3225 57213.1541409 
1.32264 57360.9061006 
1.32279 57002.8915713 
1.32293 56435.3684196 
1.32308 56088.8281654 
1.32323 56230.1919966 
1.32337 56579.4276841 
1.32352 56896.5979152 
1.32366 56948.5521514 
1.3238 56735.4532286 
1.32395 56623.4552712 
1.3241 57109.2900153 
1.32424 57956.8741583 
1.32439 58636.9044924 
1.32453 58543.9320571 
1.32467 57766.0536966 
1.32482 56838.2331054 
1.32497 56460.7681531 
1.32511 56632.3648784 
1.32526 57047.2992449 
1.3254 57398.1028864 
1.32554 57681.0771412 
1.32569 57999.7553089 
1.32583 58329.4842837 
1.32598 58716.3674276 
1.32613 59053.6621106 
1.32627 59047.8140886 
1.32641 58582.9400697 
1.32656 57826.4464401 
1.3267 57242.015033 
1.32685 57000.109208 
1.327 57246.796724 
1.32714 57854.8300398 
1.32729 58620.4139675 
1.32743 58915.7410822 
1.32757 58454.1444084 
1.32772 57515.5514216 
1.32787 56900.7742908 
1.32801 56886.8316804 
1.32816 57249.7624305 
1.3283 57532.2681835 
1.32844 57430.5114678 
1.32859 56916.0327886 
1.32873 56384.8266237 
1.32888 56201.0989354 
1.32903 56512.594674 
1.32917 56689.811419 
1.32931 56023.2836482 
1.32946 54164.2740383 
1.3296 52110.6631773 
1.32975 51168.3307382 
1.3299 52445.2703434 
1.33004 54777.8589706 
1.33019 56850.3388547 
1.33033 57583.6294921 
1.33047 57307.8959899 
1.33062 56740.2069736 
1.33077 56643.3265747 
1.33091 56917.2161304 
1.33106 56934.7096395 
1.3312 56234.35822 
1.33134 55115.176589 
1.33149 54329.4901402 
1.33163 54395.9728811 
1.33178 54997.6499663 
1.33193 55553.2590302 
1.33207 55468.6336298 
1.33221 54260.1464457 
1.33236 51543.2333852 
1.3325 48686.4916005 
1.33265 47628.3848425 
1.3328 49781.2858817 
1.33294 52963.1641269 
1.33308 55087.2998135 
1.33323 55720.6692216 
1.33337 55629.6232165 
1.33352 55657.1866492 
1.33367 56054.2454351 
1.33381 56502.2797434 
1.33396 56685.985059 
1.3341 56405.7250344 
1.33424 55728.7664415 
1.33439 54783.1886197 
1.33454 53873.5153751 
1.33468 53379.7056564 
1.33483 53476.0667819 
1.33497 53629.8011282 
1.33511 52918.7301885 
1.33526 51237.7364022 
1.3354 50085.2226663 
1.33555 50078.388166 
1.3357 50217.9482995 
1.33584 49593.0499855 
1.33598 49110.9136763 
1.33613 49664.6499823 
1.33627 50148.3045466 
1.33642 49533.0694799 
1.33657 48985.5387573 
1.33671 49875.1412307 
1.33686 51246.0342011 
1.337 50760.2120513 
1.33714 48462.693772 
1.33729 46820.9250477 
1.33744 48078.2584668 
1.33758 50171.0173174 
1.33773 50476.8994321 
1.33787 48918.3105412 
1.33801 47882.8346434 
1.33816 48907.1936181 
1.3383 50316.837078 
1.33845 49751.2703603 
1.3386 47326.726974 
1.33874 46123.6310785 
1.33888 47470.4943638 
1.33903 49899.0431898 
1.33917 50605.6735609 
1.33932 49745.2024578 
1.33947 49287.1154832 
1.33961 49596.4663139 
1.33976 48842.5341343 
1.3399 46575.3592338 
1.34004 45146.6281041 
1.34019 46968.2497145 
1.34034 50959.1491349 
1.34048 54061.9124183 
1.34063 55771.6372572 
1.34077 56284.8655703 
1.34091 56199.1263447 
1.34106 55632.9602974 
1.34121 54206.3140251 
1.34135 51606.4682265 
1.3415 48348.1212244 
1.34164 47097.8941584 
1.34178 48682.5956065 
1.34193 51894.7019252 
1.34207 54209.6174522 
1.34222 55423.5193302 
1.34237 55746.7876663 
1.34251 54854.1360131 
1.34265 52073.5850767 
1.3428 47870.5977442 
1.34294 45559.233711 
1.34309 46881.4877952 
1.34324 50690.3071441 
1.34338 53970.3016778 
1.34353 55990.9138184 
1.34367 56602.2274577 
1.34381 56456.2435502 
1.34396 56121.583068 
1.34411 55976.7178525 
1.34425 55761.7942773 
1.3444 54806.9063694 
1.34454 52812.0535705 
1.34468 50314.7303241 
1.34483 48982.8193363 
1.34497 50105.0411214 
1.34512 52826.7788595 
1.34527 55229.152876 
1.34541 56312.5558981 
1.34555 56357.7980536 
1.3457 55898.9280642 
1.34584 55645.2641271 
1.34599 55863.6150415 
1.34614 56319.0052935 
1.34628 56529.4918812 
1.34643 56412.4329718 
1.34657 56172.7131386 
1.34671 55930.281435 
1.34686 55495.6979679 
1.34701 54137.5495781 
1.34715 51288.8992555 
1.3473 47367.9477083 
1.34744 45400.5606444 
1.34758 46584.486133 
1.34773 49985.672553 
1.34787 52973.676933 
1.34802 55082.6638146 
1.34817 56360.0672462 
1.34831 57005.3526932 
1.34845 57145.5591477 
1.3486 56904.8213111 
1.34874 56593.8660257 
1.34889 56532.2096999 
1.34904 56912.5694966 
1.34918 57338.5495642 
1.34932 57421.3055144 
1.34947 57059.7661015 
1.34961 56491.1997811 
1.34976 55942.5415655 
1.34991 55766.9899629 
1.35005 55947.0372018 
1.3502 56064.5138997 
1.35034 55553.0243333 
1.35048 54478.807142 
1.35063 53724.8353579 
1.35078 54129.6946455 
1.35092 54765.6674374 
1.35107 53967.4426831 
1.35121 50730.8340861 
1.35135 45451.1047823 
1.3515 39659.3064804 
1.35164 36587.1990699 
1.35179 37739.2428154 
1.35194 43070.0496182 
1.35208 48776.1787585 
1.35222 52552.5991951 
1.35237 54232.1572503 
1.35251 54444.7254825 
1.35266 53696.8942908 
1.35281 52089.4978685 
1.35295 49497.4095346 
1.3531 43803.0798678 
1.35324 34076.1479119 
