1.09862 0.441455814014 
1.09877 0.596698619171 
1.09891 0.67757723078 
1.09906 0.707682056391 
1.0992 0.711806332983 
1.09934 0.712055028977 
1.09949 0.716599117696 
1.09964 0.724088786853 
1.09978 0.727269969313 
1.09993 0.72346346065 
1.10007 0.715913947648 
1.10021 0.708142393736 
1.10036 0.702236679298 
1.1005 0.701100750321 
1.10065 0.706578281571 
1.1008 0.716748641431 
1.10094 0.724665239615 
1.10108 0.729105473912 
1.10123 0.732939838172 
1.10137 0.735874400051 
1.10152 0.73600051579 
1.10167 0.734186141064 
1.10181 0.733528871583 
1.10196 0.734001001814 
1.1021 0.732297242796 
1.10224 0.726299018627 
1.10239 0.718909836186 
1.10254 0.71754619855 
1.10268 0.722022312593 
1.10283 0.725310011023 
1.10297 0.719749045225 
1.10311 0.704499795894 
1.10326 0.684660828381 
1.1034 0.673453700716 
1.10355 0.67479026167 
1.1037 0.684234510756 
1.10384 0.690887742022 
1.10398 0.690995888918 
1.10413 0.686414966198 
1.10427 0.683166544433 
1.10442 0.685689994865 
1.10457 0.694316439784 
1.10471 0.703283791312 
1.10486 0.709108286478 
1.105 0.708363044046 
1.10514 0.701449572314 
1.10529 0.692007847125 
1.10544 0.686709419142 
1.10558 0.687055410058 
1.10573 0.690834762674 
1.10587 0.693557953896 
1.10601 0.692661404846 
1.10616 0.68932709455 
1.10631 0.687761153494 
1.10645 0.690289343719 
1.1066 0.696291023195 
1.10674 0.700081879923 
1.10688 0.699273532098 
1.10703 0.698330217516 
1.10717 0.703119801487 
1.10732 0.713050428507 
1.10747 0.720012405964 
1.10761 0.716444621404 
1.10775 0.702122872527 
1.1079 0.683959461237 
1.10804 0.676823249927 
1.10819 0.685327572778 
1.10834 0.702652747794 
1.10848 0.71650194475 
1.10863 0.723860617046 
1.10877 0.721796760208 
1.10891 0.709593672965 
1.10906 0.68729841865 
1.10921 0.664008995501 
1.10935 0.654725910232 
1.1095 0.667010907149 
1.10964 0.690621417641 
1.10978 0.711589381651 
1.10993 0.725060171767 
1.11007 0.729805206029 
1.11022 0.727642611512 
1.11037 0.72116344563 
1.11051 0.714543026023 
1.11065 0.708672116309 
1.1108 0.703947003889 
1.11094 0.70158012417 
1.11109 0.70087481678 
1.11124 0.701124180545 
1.11138 0.70329637718 
1.11153 0.711375898213 
1.11167 0.723089316655 
1.11181 0.731574177008 
1.11196 0.732643781389 
1.11211 0.728471094341 
1.11225 0.724007885974 
1.1124 0.720908800354 
1.11254 0.717477358584 
1.11268 0.709029166692 
1.11283 0.695958334163 
1.11298 0.690137970563 
1.11312 0.697680533322 
1.11327 0.710762587887 
1.11341 0.714066398052 
1.11355 0.705515193213 
1.1137 0.693358413031 
1.11384 0.689600100717 
1.11399 0.695830367298 
1.11414 0.70805533097 
1.11428 0.719573382697 
1.11442 0.726551084674 
1.11457 0.726351425166 
1.11471 0.720411164839 
1.11486 0.711806814123 
1.11501 0.705873459489 
1.11515 0.708722511657 
1.1153 0.721782877634 
1.11544 0.733961517487 
1.11558 0.737823619899 
1.11573 0.734611189221 
1.11588 0.729323593351 
1.11602 0.724173253632 
1.11617 0.719876339229 
1.11631 0.719977558173 
1.11645 0.72436823089 
1.1166 0.72822343646 
1.11674 0.727105535362 
1.11689 0.724637502517 
1.11704 0.725091218758 
1.11718 0.725185448486 
1.11732 0.721421188745 
1.11747 0.715476506709 
1.11761 0.713398255985 
1.11776 0.718508745669 
1.11791 0.730382967152 
1.11805 0.743953279113 
1.1182 0.75651348459 
1.11834 0.761330981256 
1.11848 0.755573951768 
1.11863 0.738680836804 
1.11878 0.715990416784 
1.11892 0.694719165364 
1.11907 0.67822695533 
1.11921 0.675341971609 
1.11935 0.686396375901 
1.1195 0.705912972665 
1.11964 0.721571591552 
1.11979 0.73104879307 
1.11994 0.728562273157 
1.12008 0.708095164273 
1.12022 0.674669829972 
1.12037 0.650880757314 
1.12051 0.659860027148 
1.12066 0.694964448871 
1.12081 0.731792552426 
1.12095 0.753867531334 
1.12109 0.763309137921 
1.12124 0.763429785019 
1.12138 0.756364149756 
1.12153 0.743645413682 
1.12168 0.731237277589 
1.12182 0.72367402707 
1.12197 0.713351598636 
1.12211 0.688425480992 
1.12225 0.651047965404 
1.1224 0.628870546641 
1.12255 0.650032042996 
1.12269 0.693026928862 
1.12284 0.732265523989 
1.12298 0.750787158257 
1.12312 0.755185535904 
1.12327 0.753564015813 
1.12341 0.753866294761 
1.12356 0.758648655397 
1.12371 0.764687517982 
1.12385 0.765955710222 
1.12399 0.758941329305 
1.12414 0.745029499817 
1.12428 0.735394254393 
1.12443 0.737032911059 
1.12458 0.750155934435 
1.12472 0.765567977195 
1.12487 0.776879169466 
1.12501 0.776741980479 
1.12515 0.766801206854 
1.1253 0.755863646679 
1.12545 0.75473116442 
1.12559 0.760922826779 
1.12574 0.768111693153 
1.12588 0.77039772963 
1.12602 0.766425936841 
1.12617 0.758388033502 
1.12631 0.754212600897 
1.12646 0.760291980546 
1.12661 0.776767362355 
1.12675 0.791590881577 
1.12689 0.797468934427 
1.12704 0.794653352626 
1.12718 0.788177029581 
1.12733 0.782060415451 
1.12748 0.781007367905 
1.12762 0.783593860486 
1.12777 0.784902330599 
1.12791 0.781384157943 
1.12805 0.7735284306 
1.1282 0.764889978689 
1.12835 0.761287004095 
1.12849 0.762919626691 
1.12864 0.76769826629 
1.12878 0.771929040074 
1.12892 0.772478882057 
1.12907 0.768944683851 
1.12922 0.765551274278 
1.12936 0.766927838279 
1.12951 0.775276366598 
1.12965 0.784379794305 
1.12979 0.784917301072 
1.12994 0.770353339379 
1.13008 0.747932283277 
1.13023 0.729462494736 
1.13038 0.730627920369 
1.13052 0.748333944291 
1.13066 0.769414436006 
1.13081 0.783066756023 
1.13095 0.786072722084 
1.1311 0.787475378663 
1.13125 0.793060349084 
1.13139 0.79814038791 
1.13154 0.798117149071 
1.13168 0.792031036758 
1.13182 0.781699564057 
1.13197 0.772230067191 
1.13212 0.770523987105 
1.13226 0.774129437676 
1.13241 0.777474692801 
1.13255 0.776429670392 
1.13269 0.770752035209 
1.13284 0.762020022278 
1.13298 0.756096872647 
1.13313 0.75849438933 
1.13328 0.771294256344 
1.13342 0.7844469969 
1.13356 0.789361827664 
1.13371 0.784625100957 
1.13385 0.777413577078 
1.134 0.773264239991 
1.13415 0.772943396654 
1.13429 0.771304105706 
1.13444 0.765563771614 
1.13458 0.758263099662 
1.13472 0.74901534631 
1.13487 0.735322460526 
1.13502 0.722090631212 
1.13516 0.719830663086 
1.13531 0.733913013811 
1.13545 0.753891343235 
1.13559 0.766557367427 
1.13574 0.769492180162 
1.13589 0.772107538618 
1.13603 0.780639848272 
1.13618 0.793022072987 
1.13632 0.799125863883 
1.13646 0.792985616232 
1.13661 0.775106681266 
1.13675 0.75880098567 
1.1369 0.752011627741 
1.13705 0.755131425956 
1.13719 0.758570777434 
1.13733 0.758352802793 
1.13748 0.757666343194 
1.13762 0.760295760215 
1.13777 0.766168500157 
1.13792 0.772198085966 
1.13806 0.775070751551 
1.13821 0.773308466084 
1.13835 0.767352814944 
1.13849 0.760526643079 
1.13864 0.758013421923 
1.13879 0.761631395196 
1.13893 0.765857138359 
1.13908 0.767274412745 
1.13922 0.766041575472 
1.13936 0.764333039707 
1.13951 0.763599740335 
1.13965 0.764639334534 
1.1398 0.768649557797 
1.13995 0.774714832157 
1.14009 0.777300059357 
1.14023 0.773053967478 
1.14038 0.76264928479 
1.14052 0.752703825948 
1.14067 0.748550995768 
1.14082 0.755315696439 
1.14096 0.768970472614 
1.14111 0.783702275199 
1.14125 0.790719151744 
1.14139 0.789733128422 
1.14154 0.78627658371 
1.14169 0.78847598799 
1.14183 0.79618902722 
1.14198 0.804837340237 
1.14212 0.80759916633 
1.14226 0.802601047069 
1.14241 0.791627009308 
1.14255 0.784082868264 
1.1427 0.785950796731 
1.14285 0.79485198337 
1.14299 0.801127335378 
1.14313 0.801720615308 
1.14328 0.796816738268 
1.14342 0.786945076586 
1.14357 0.770240661382 
1.14372 0.752951140053 
1.14386 0.747904977564 
1.14401 0.760207177834 
1.14415 0.777065010463 
1.14429 0.786404900966 
1.14444 0.790635555017 
1.14459 0.79797638886 
1.14473 0.806336058677 
1.14488 0.810222547303 
1.14502 0.806934474948 
1.14516 0.798759432938 
1.14531 0.788949184636 
1.14546 0.783586089387 
1.1456 0.786292547307 
1.14575 0.795601211643 
1.14589 0.802519328239 
1.14603 0.801857934325 
1.14618 0.793879638372 
1.14632 0.784384753323 
1.14647 0.776639519547 
1.14662 0.770558727439 
1.14676 0.760132975309 
1.1469 0.745736255319 
1.14705 0.740995886032 
1.14719 0.757058531091 
1.14734 0.787958687591 
1.14749 0.815373043063 
1.14763 0.828900573984 
1.14778 0.830295942715 
1.14792 0.821882894556 
1.14806 0.808297223099 
1.14821 0.797116521237 
1.14836 0.798136869907 
1.1485 0.80963004975 
1.14865 0.823777736232 
1.14879 0.829177171177 
1.14893 0.824784764046 
1.14908 0.815671417375 
1.14922 0.810065047012 
1.14937 0.808400931128 
1.14952 0.805822228147 
1.14966 0.800393374819 
1.1498 0.798277358249 
1.14995 0.804220283957 
1.15009 0.810457802682 
1.15024 0.811313792646 
1.15039 0.810559284843 
1.15053 0.812546192152 
1.15068 0.815962675605 
1.15082 0.817913530541 
1.15096 0.81882927132 
1.15111 0.820335340879 
1.15126 0.82155395541 
1.1514 0.820616396019 
1.15155 0.817652600727 
1.15169 0.813122307556 
1.15183 0.807565482007 
1.15198 0.805513099823 
1.15213 0.81120701718 
1.15227 0.820106229833 
1.15242 0.827473772245 
1.15256 0.829192689147 
1.1527 0.826216504667 
1.15285 0.821362885941 
1.15299 0.817917396384 
1.15314 0.816694153137 
1.15329 0.819089053416 
1.15343 0.822744852417 
1.15357 0.823319810358 
1.15372 0.816996472484 
1.15386 0.805182778661 
1.15401 0.78899204826 
1.15416 0.768865301516 
1.1543 0.74915054788 
1.15445 0.743498163326 
1.15459 0.763945048824 
1.15473 0.798537938 
1.15488 0.830642025484 
1.15503 0.848243295863 
1.15517 0.853618404727 
1.15532 0.853747311494 
1.15546 0.851634823783 
1.1556 0.846964990368 
1.15575 0.840125600225 
1.15589 0.834450080304 
1.15604 0.829416346135 
1.15619 0.821734648066 
1.15633 0.810347998934 
1.15647 0.801095801866 
1.15662 0.801008879748 
1.15676 0.806452940733 
1.15691 0.810844248037 
1.15706 0.814687064663 
1.1572 0.821370225283 
1.15735 0.829298676052 
1.15749 0.830443557009 
1.15763 0.824404984039 
1.15778 0.819617231751 
1.15793 0.824693801016 
1.15807 0.834361885773 
1.15822 0.841443265564 
1.15836 0.841557391121 
1.1585 0.836074308287 
1.15865 0.826319433393 
1.15879 0.815953439046 
1.15894 0.808338090441 
1.15909 0.809457403535 
1.15923 0.816485844458 
1.15937 0.822856625691 
1.15952 0.825073374468 
1.15966 0.824520753088 
1.15981 0.823043467133 
1.15996 0.8140542494 
1.1601 0.788696828607 
1.16024 0.752014770795 
1.16039 0.729227976254 
1.16053 0.742404531472 
1.16068 0.779854444715 
1.16083 0.815399561806 
1.16097 0.837172483654 
1.16112 0.849774016311 
1.16126 0.853596461371 
1.1614 0.851043717243 
1.16155 0.845527592546 
1.1617 0.84219232077 
1.16184 0.840968003647 
1.16199 0.83718899965 
1.16213 0.82896408808 
1.16227 0.821736874791 
1.16242 0.824467494298 
1.16256 0.835024422731 
1.16271 0.845001817231 
1.16286 0.850138874336 
1.163 0.853313551232 
1.16314 0.857056324982 
1.16329 0.860509111667 
1.16343 0.859748379004 
1.16358 0.854470043443 
1.16373 0.848815092535 
1.16387 0.844521816076 
1.16402 0.8400210579 
1.16416 0.836978087206 
1.1643 0.837585219284 
1.16445 0.843710847856 
1.1646 0.851507007461 
1.16474 0.853211184956 
1.16489 0.847216653202 
1.16503 0.839855033346 
1.16517 0.833846910147 
1.16532 0.825822522684 
1.16546 0.817601041208 
1.16561 0.816932104634 
1.16576 0.828868133867 
1.1659 0.842922504333 
1.16604 0.847567358683 
1.16619 0.834622777305 
1.16633 0.810686279809 
1.16648 0.79299780986 
1.16663 0.801532009989 
1.16677 0.825802117465 
1.16692 0.848176860174 
1.16706 0.856279083437 
1.1672 0.854834117936 
1.16735 0.851493397471 
1.1675 0.852303058557 
1.16764 0.855984277629 
1.16779 0.860665883375 
1.16793 0.863452083696 
1.16807 0.861490113678 
1.16822 0.854272497967 
1.16837 0.846648343433 
1.16851 0.84232663767 
1.16866 0.840003652466 
1.1688 0.836671604279 
1.16894 0.829476899253 
1.16909 0.818838089854 
1.16923 0.811021879174 
1.16938 0.810441850846 
1.16953 0.818438018666 
1.16967 0.827779092288 
1.16981 0.833243679038 
1.16996 0.833594206689 
1.1701 0.829525679216 
1.17025 0.821729691606 
1.1704 0.816040085713 
1.17054 0.821137607489 
1.17069 0.839966756448 
1.17083 0.859363534029 
1.17097 0.868666571547 
1.17112 0.865617045419 
1.17127 0.855488620832 
1.17141 0.847973401701 
1.17156 0.850218623573 
1.1717 0.861412813171 
1.17184 0.873863250711 
1.17199 0.882138496836 
1.17213 0.884337075796 
1.17228 0.88318128643 
1.17243 0.880258800145 
1.17257 0.875075531405 
1.17271 0.866726852543 
1.17286 0.855373134147 
1.173 0.844277716496 
1.17315 0.834014249084 
1.1733 0.827798654101 
1.17344 0.827331134991 
1.17359 0.827957025636 
1.17373 0.817795435333 
1.17387 0.796059645912 
1.17402 0.782768171204 
1.17417 0.798194230135 
1.17431 0.826171483258 
1.17446 0.849094904065 
1.1746 0.85900458797 
1.17474 0.861642235302 
1.17489 0.859735229212 
1.17503 0.855690917924 
1.17518 0.853189918961 
1.17533 0.855701305912 
1.17547 0.858759046249 
1.17561 0.85581585473 
1.17576 0.845512417372 
1.1759 0.837293210199 
1.17605 0.83844503165 
1.1762 0.847434951825 
1.17634 0.853576285193 
1.17648 0.852466225876 
1.17663 0.845214108467 
1.17677 0.836889859311 
1.17692 0.830543324777 
1.17707 0.829312018188 
1.17721 0.831744708564 
1.17736 0.835105369065 
1.1775 0.835842299013 
1.17764 0.833564723433 
1.17779 0.83217129432 
1.17794 0.83646111195 
1.17808 0.844699125262 
1.17823 0.853996190148 
1.17837 0.859024171784 
1.17851 0.857370437177 
1.17866 0.848356413445 
1.1788 0.838687336968 
1.17895 0.837077874374 
1.1791 0.848138858662 
1.17924 0.861630154924 
1.17938 0.869975296003 
1.17953 0.872820628364 
1.17967 0.872557457739 
1.17982 0.871065342555 
1.17997 0.870135480862 
1.18011 0.8716946873 
1.18026 0.875852702558 
1.1804 0.87802718727 
1.18054 0.875431695704 
1.18069 0.869159716726 
1.18084 0.860503019156 
1.18098 0.850619365939 
1.18113 0.845108130947 
1.18127 0.849904533921 
1.18141 0.858835219147 
1.18156 0.863503991053 
1.1817 0.862337448309 
1.18185 0.862214971503 
1.182 0.868327142278 
1.18214 0.876119593133 
1.18228 0.880373633249 
1.18243 0.880202293174 
1.18257 0.878787325146 
1.18272 0.879732576747 
1.18287 0.884316299273 
1.18301 0.88937150363 
1.18316 0.891484130763 
1.1833 0.887311184214 
1.18344 0.87802021734 
1.18359 0.870050775032 
1.18374 0.872321952176 
1.18388 0.883518107282 
1.18403 0.897251833263 
1.18417 0.902562275323 
1.18431 0.897619343193 
1.18446 0.888214820839 
1.18461 0.883221893165 
1.18475 0.882912286778 
1.1849 0.88415340521 
1.18504 0.88565636833 
1.18518 0.887584258708 
1.18533 0.890299492187 
1.18547 0.893212822723 
1.18562 0.897227872326 
1.18577 0.901580541304 
1.18591 0.902160085763 
1.18605 0.898286347397 
1.1862 0.894090783494 
1.18634 0.892389374695 
1.18649 0.890228119814 
1.18664 0.887089837388 
1.18678 0.885776361323 
1.18693 0.886968113512 
1.18707 0.887664938537 
1.18721 0.886145820786 
1.18736 0.88537569367 
1.18751 0.888429513475 
1.18765 0.892355970342 
1.1878 0.894735407106 
1.18794 0.894961062918 
1.18808 0.893525942491 
1.18823 0.890218447746 
1.18837 0.886104908171 
1.18852 0.884139024499 
1.18867 0.888837211885 
1.18881 0.896931080893 
1.18895 0.902903640726 
1.1891 0.905159559083 
1.18924 0.905791835077 
1.18939 0.907264944111 
1.18954 0.909662328307 
1.18968 0.911576928686 
1.18983 0.912268043993 
1.18997 0.909335568427 
1.19011 0.900938490103 
1.19026 0.890069985967 
1.19041 0.884890141979 
1.19055 0.886725118533 
1.1907 0.891648624873 
1.19084 0.894331954999 
1.19098 0.893592298971 
1.19113 0.892313172052 
1.19128 0.894078373052 
1.19142 0.89761553892 
1.19157 0.90125711198 
1.19171 0.90360995941 
1.19185 0.904036400098 
1.192 0.901803138045 
1.19214 0.899239950954 
1.19229 0.901456533884 
1.19244 0.910450813172 
1.19258 0.917260342411 
1.19272 0.914933236067 
1.19287 0.90447209701 
1.19301 0.895138299082 
1.19316 0.892203465571 
1.19331 0.897801912403 
1.19345 0.906385352625 
1.1936 0.911138569805 
1.19374 0.906173027277 
1.19388 0.894804522055 
1.19403 0.885905781292 
1.19418 0.887123965654 
1.19432 0.895254951161 
1.19447 0.906622331308 
1.19461 0.915402154853 
1.19475 0.917838149832 
1.1949 0.911084640647 
1.19504 0.899783735568 
1.19519 0.892147898022 
1.19534 0.896169294173 
1.19548 0.907036288051 
1.19562 0.916681033021 
1.19577 0.919019275522 
1.19591 0.91246904243 
1.19606 0.902140091783 
1.19621 0.896964643342 
1.19635 0.898399323134 
1.1965 0.902559416489 
1.19664 0.904904653681 
1.19678 0.905313080552 
1.19693 0.907995505483 
1.19708 0.915936386214 
1.19722 0.923913126232 
1.19737 0.925268639954 
1.19751 0.916970744215 
1.19765 0.904561174677 
1.1978 0.89589226348 
1.19794 0.894259388751 
1.19809 0.895328251153 
1.19824 0.896274244178 
1.19838 0.897204846327 
1.19852 0.900875770707 
1.19867 0.90947142404 
1.19881 0.917813175161 
1.19896 0.922885039307 
1.19911 0.925505341939 
1.19925 0.926770700739 
1.19939 0.925621660815 
1.19954 0.921719085471 
1.19968 0.917274884781 
1.19983 0.915124521708 
1.19998 0.91850477318 
1.20012 0.923701927021 
1.20027 0.924762121261 
1.20041 0.919941542422 
1.20055 0.915183197876 
1.2007 0.917523535326 
1.20085 0.925939809409 
1.20099 0.932698605304 
1.20114 0.93664580279 
1.20128 0.937809843429 
1.20142 0.935264935391 
1.20157 0.929078810037 
1.20171 0.924322246322 
1.20186 0.92378418378 
1.20201 0.926275517145 
1.20215 0.928086437286 
1.20229 0.928556795884 
1.20244 0.927278769478 
1.20258 0.923579171537 
1.20273 0.919561404947 
1.20288 0.920247238361 
1.20302 0.925342106542 
1.20317 0.931485198342 
1.20331 0.933030281417 
1.20345 0.92901152921 
1.2036 0.924898261369 
1.20375 0.929003481253 
1.20389 0.938876121744 
1.20404 0.947110038851 
1.20418 0.946308342353 
1.20432 0.93789525593 
1.20447 0.926552672402 
1.20461 0.918674676331 
1.20476 0.916961713538 
1.20491 0.92429355943 
1.20505 0.93526400332 
1.20519 0.943085873177 
1.20534 0.943478398074 
1.20548 0.938067301276 
1.20563 0.935083762111 
1.20578 0.944642412164 
1.20592 0.962606406407 
1.20607 0.97795226934 
1.20621 0.978767540861 
1.20635 0.968076598232 
1.2065 0.953991653374 
1.20665 0.944016734442 
1.20679 0.938685812889 
1.20694 0.937158956231 
1.20708 0.938815689719 
1.20722 0.941070614089 
1.20737 0.943296623527 
1.20752 0.945997592649 
1.20766 0.950079346872 
1.20781 0.957231715752 
1.20795 0.963661246087 
1.20809 0.965416641986 
1.20824 0.962016307897 
1.20838 0.95736610731 
1.20853 0.953434730346 
1.20868 0.949631709266 
1.20882 0.943508057389 
1.20896 0.934977962655 
1.20911 0.927320513646 
1.20925 0.925373482108 
1.2094 0.93085604572 
1.20955 0.942121884111 
1.20969 0.952487577982 
1.20984 0.959999249498 
1.20998 0.963046903182 
1.21012 0.961997441675 
1.21027 0.960407644906 
1.21042 0.96446042944 
1.21056 0.972628934571 
1.21071 0.979526782361 
1.21085 0.978288833134 
1.21099 0.967609492118 
1.21114 0.949495099261 
1.21128 0.933700890241 
1.21143 0.926919209928 
1.21158 0.933591193884 
1.21172 0.94514967492 
1.21186 0.95356714359 
1.21201 0.955532745054 
1.21215 0.952524634043 
1.2123 0.95045734392 
1.21245 0.954563763619 
1.21259 0.961276484733 
1.21274 0.964520334223 
1.21288 0.959023890387 
1.21302 0.945893769341 
1.21317 0.932529916185 
1.21332 0.931220977398 
1.21346 0.943666119428 
1.21361 0.966386230922 
1.21375 0.9877582592 
1.21389 1.00167108295 
1.21404 1.00536868527 
1.21418 1.00027904008 
1.21433 0.991419552366 
1.21448 0.985190872133 
1.21462 0.981454430655 
1.21476 0.975982725051 
1.21491 0.968615854278 
1.21505 0.965628061077 
1.2152 0.971564979209 
1.21535 0.98273321971 
1.21549 0.986290588647 
1.21563 0.978001505601 
1.21578 0.963604037068 
1.21592 0.954701020864 
1.21607 0.95484917857 
1.21622 0.962771611341 
1.21636 0.96958996826 
1.21651 0.969082430728 
1.21665 0.961957289018 
1.21679 0.955168799354 
1.21694 0.956744443181 
1.21709 0.969410545916 
1.21723 0.986373894876 
1.21738 1.00425013431 
1.21752 1.01518950567 
1.21766 1.01587531012 
1.21781 1.00688627307 
1.21795 0.997129943307 
1.2181 0.99406555583 
1.21825 0.999003929187 
1.21839 1.00087212647 
1.21853 0.993173447035 
1.21868 0.980279617613 
1.21882 0.974495060173 
1.21897 0.980601689246 
1.21912 0.994946572675 
1.21926 1.00587208038 
1.21941 1.00731699167 
1.21955 0.998552468078 
1.21969 0.983523253355 
1.21984 0.96848405304 
1.21999 0.963604958895 
1.22013 0.969300363353 
1.22028 0.979187296606 
1.22042 0.985203375771 
1.22056 0.987040438628 
1.22071 0.987646142425 
1.22085 0.988747662847 
1.221 0.990038570072 
1.22115 0.99052640947 
1.22129 0.989467122366 
1.22143 0.987641451775 
1.22158 0.986405663397 
1.22172 0.984817194051 
1.22187 0.982198845248 
1.22202 0.983097633071 
1.22216 0.990060552917 
1.22231 1.0003852675 
1.22245 1.00511082814 
1.22259 1.00140977352 
1.22274 0.994654451758 
1.22289 0.995593845037 
1.22303 1.00495709817 
1.22318 1.01538314528 
1.22332 1.014801217 
1.22346 1.00087041273 
1.22361 0.981567236436 
1.22376 0.974483219551 
1.2239 0.985184559343 
1.22405 1.00713195578 
1.22419 1.02334155344 
1.22433 1.02690576736 
1.22448 1.01904892923 
1.22462 1.00930883489 
1.22477 1.00545121262 
1.22492 1.01076604406 
1.22506 1.01708770542 
1.2252 1.01641126391 
1.22535 1.00619421916 
1.22549 0.993622290578 
1.22564 0.986306263604 
1.22579 0.990089988915 
1.22593 1.0 
1.22608 1.00925987401 
1.22622 1.00937012745 
1.22636 0.999397294495 
1.22651 0.985823355562 
1.22666 0.980986857684 
1.2268 0.988474574046 
1.22695 1.00462851342 
1.22709 1.01567276107 
1.22723 1.01231543698 
1.22738 0.994564872837 
1.22752 0.978455227082 
1.22767 0.976758993709 
1.22782 0.992964363423 
1.22796 1.01256828939 
1.2281 1.02456602455 
1.22825 1.0255299255 
1.22839 1.01964512878 
1.22854 1.01376748108 
1.22869 1.01447777572 
1.22883 1.02094956054 
1.22898 1.02747969379 
1.22912 1.0265442443 
1.22926 1.01840808818 
1.22941 1.00843818547 
1.22956 1.00384663784 
1.2297 1.00586295377 
1.22985 1.01218671756 
1.22999 1.01684504185 
1.23013 1.01635051978 
1.23028 1.01179650602 
1.23043 1.00897649799 
1.23057 1.01118450662 
1.23072 1.01711781183 
1.23086 1.02134577964 
1.231 1.02129679353 
1.23115 1.01723731355 
1.23129 1.01052247533 
1.23144 1.00137227408 
1.23159 0.995274109387 
1.23173 0.995620260943 
1.23187 0.999643784916 
1.23202 1.00236205504 
1.23216 0.999226692774 
1.23231 0.992857623889 
1.23246 0.993060288136 
1.2326 1.00313808738 
1.23275 1.01887136618 
1.23289 1.02867672519 
1.23303 1.02788318626 
1.23318 1.01771303231 
1.23333 1.00614886365 
1.23347 1.00211703586 
1.23362 1.00974235866 
1.23376 1.02144833142 
1.2339 1.0250734135 
1.23405 1.01627067029 
1.23419 1.00509109898 
1.23434 1.00117216775 
1.23449 1.00699257429 
1.23463 1.01295989519 
1.23477 1.0129911356 
1.23492 1.00881917018 
1.23506 1.0065686647 
1.23521 1.00945274689 
1.23536 1.01884418926 
1.2355 1.03089672417 
1.23565 1.03934711469 
1.23579 1.03559965844 
1.23593 1.02219581322 
1.23608 1.01106358153 
1.23623 1.01439294634 
1.23637 1.02583486575 
1.23652 1.03674798369 
1.23666 1.04282657448 
1.2368 1.04565989115 
1.23695 1.04491118456 
1.23709 1.04259974334 
1.23724 1.04541057103 
1.23739 1.05674613687 
1.23753 1.06719700519 
1.23767 1.06858676551 
1.23782 1.06014428611 
1.23796 1.05105306203 
1.23811 1.04889225428 
1.23826 1.05460343324 
1.2384 1.05895151359 
1.23854 1.05635431495 
1.23869 1.04607919778 
1.23883 1.03289510687 
1.23898 1.02113683327 
1.23913 1.01808050537 
1.23927 1.02404312537 
1.23942 1.03614818076 
1.23956 1.04580490952 
1.2397 1.04658713573 
1.23985 1.03798078225 
1.24 1.02964388182 
1.24014 1.02936994037 
1.24029 1.03479957319 
1.24043 1.03631847299 
1.24057 1.02830384001 
1.24072 1.01211552259 
1.24086 0.99795450848 
1.24101 0.991615767591 
1.24116 0.996098376851 
1.2413 1.00347594667 
1.24144 1.00592089532 
1.24159 0.999429588358 
1.24173 0.986699744638 
1.24188 0.973845104156 
1.24203 0.970728156212 
1.24217 0.97739271241 
1.24232 0.989218959082 
1.24246 0.998336266668 
1.2426 1.00119840438 
1.24275 0.998308408583 
1.2429 0.993795468124 
1.24304 0.989562877529 
1.24319 0.983570176436 
1.24333 0.975244214185 
1.24347 0.965937922245 
1.24362 0.960645720932 
1.24376 0.963398483372 
1.24391 0.972434048123 
1.24406 0.981822004074 
1.2442 0.985597207316 
1.24434 0.984644017457 
1.24449 0.984435244821 
1.24463 0.989521401768 
1.24478 1.001007502 
1.24493 1.01629545867 
1.24507 1.03135249984 
1.24522 1.04374585369 
1.24536 1.04399128625 
1.2455 1.03019403017 
1.24565 1.00998716692 
1.2458 0.997621595276 
1.24594 0.995242710143 
1.24609 0.99693087957 
1.24623 0.999518568107 
1.24637 1.00587799848 
1.24652 1.02020475041 
1.24667 1.03750060538 
1.24681 1.0489752885 
1.24696 1.05424877036 
1.2471 1.05347900053 
1.24724 1.04711034377 
1.24739 1.03578622762 
1.24753 1.02654019942 
1.24768 1.02612438486 
1.24783 1.03629102866 
1.24797 1.04588927729 
1.24811 1.04833826565 
1.24826 1.04437216035 
1.2484 1.03752344321 
1.24855 1.03067274784 
1.2487 1.03126520403 
1.24884 1.04081630177 
1.24899 1.05509219978 
1.24913 1.06472257444 
1.24927 1.06651790963 
1.24942 1.05927126556 
1.24957 1.04443113979 
1.24971 1.02935509395 
1.24986 1.02076125963 
1.25 1.02222982752 
1.25014 1.029611603 
1.25029 1.0413125621 
1.25043 1.05366379291 
1.25058 1.06530163934 
1.25073 1.07250425843 
1.25087 1.07190160334 
1.25101 1.06275193256 
1.25116 1.04719464156 
1.2513 1.0329145813 
1.25145 1.02276583318 
1.2516 1.01890431429 
1.25174 1.01741237891 
1.25189 1.01336762418 
1.25203 1.00425261057 
1.25217 0.98977430281 
1.25232 0.97413247473 
1.25247 0.966917934764 
1.25261 0.971871799879 
1.25276 0.988324978553 
1.2529 1.00780990599 
1.25304 1.02426426906 
1.25319 1.03514549154 
1.25333 1.0399593327 
1.25348 1.04492922385 
1.25363 1.05605062552 
1.25377 1.06823945808 
1.25391 1.07123008547 
1.25406 1.05902167741 
1.2542 1.04009767894 
1.25435 1.02424442147 
1.2545 1.01890113113 
1.25464 1.0198671386 
1.25478 1.02204083868 
1.25493 1.02351561028 
1.25507 1.02364596448 
1.25522 1.02623038999 
1.25537 1.03636826249 
1.25551 1.05041150319 
1.25566 1.06110887443 
1.2558 1.05857012571 
1.25594 1.04362018765 
1.25609 1.02626128791 
1.25624 1.02116707217 
1.25638 1.02887217828 
1.25653 1.04417984408 
1.25667 1.05823202646 
1.25681 1.06661529948 
1.25696 1.06744656541 
1.2571 1.06403475657 
1.25725 1.06367754231 
1.2574 1.06902402456 
1.25754 1.07055646921 
1.25768 1.06256679069 
1.25783 1.05049063156 
1.25797 1.04623302858 
1.25812 1.05131393669 
1.25827 1.05931273256 
1.25841 1.06324654003 
1.25856 1.06149387816 
1.2587 1.05272393861 
1.25884 1.03907576839 
1.25899 1.02997370483 
1.25914 1.03408293346 
1.25928 1.0435057246 
1.25943 1.04952127421 
1.25957 1.04959405451 
1.25971 1.04767430381 
1.25986 1.04623161282 
1.26 1.04657091893 
1.26015 1.05142295439 
1.2603 1.06170287196 
1.26044 1.07154048884 
1.26058 1.0778361813 
1.26073 1.08106027173 
1.26087 1.08034616716 
1.26102 1.07422161738 
1.26117 1.0664911824 
1.26131 1.06493426304 
1.26146 1.07159716066 
1.2616 1.0773509373 
1.26174 1.07319223544 
1.26189 1.06059818637 
1.26204 1.05280164725 
1.26218 1.05562590397 
1.26233 1.0638720107 
1.26247 1.06812150989 
1.26261 1.06628831099 
1.26276 1.06212912918 
1.26291 1.06041934034 
1.26305 1.06108461935 
1.2632 1.06269259282 
1.26334 1.06254768024 
1.26348 1.0586599639 
1.26363 1.0529206776 
1.26377 1.05091100816 
1.26392 1.05406955506 
1.26407 1.05911735265 
1.26421 1.06031202408 
1.26435 1.05541280722 
1.2645 1.04485172766 
1.26464 1.03629802357 
1.26479 1.03822203712 
1.26494 1.05258036284 
1.26508 1.06797300723 
1.26523 1.07944994839 
1.26537 1.08414098935 
1.26551 1.08178980106 
1.26566 1.07445532016 
1.26581 1.07045416386 
1.26595 1.07268930413 
1.2661 1.07658432908 
1.26624 1.07563521592 
1.26638 1.0687614128 
1.26653 1.06012003958 
1.26667 1.05866031995 
1.26682 1.06856879668 
1.26697 1.08323808771 
1.26711 1.08787108202 
1.26725 1.07921054392 
1.2674 1.06516026304 
1.26754 1.05823682819 
1.26769 1.05951115685 
1.26784 1.06421984258 
1.26798 1.0672322307 
1.26813 1.06960068765 
1.26827 1.07285666287 
1.26841 1.07739251521 
1.26856 1.08516089766 
1.26871 1.09656129914 
1.26885 1.10665656341 
1.269 1.11289197151 
1.26914 1.11495377104 
1.26928 1.11478587297 
1.26943 1.11051889231 
1.26957 1.10167566783 
1.26972 1.09342750627 
1.26987 1.09411191713 
1.27001 1.09973810205 
1.27015 1.10237403877 
1.2703 1.09775957285 
1.27044 1.08864333589 
1.27059 1.08173045803 
1.27074 1.08235558497 
1.27088 1.08273419022 
1.27102 1.07570814594 
1.27117 1.06369334408 
1.27131 1.05784515046 
1.27146 1.0652262051 
1.27161 1.08426967689 
1.27175 1.0998500629 
1.2719 1.10347933971 
1.27204 1.09780110204 
1.27218 1.09354073443 
1.27233 1.09775957699 
1.27248 1.10692221345 
1.27262 1.1108650621 
1.27277 1.10719971344 
1.27291 1.10153000044 
1.27305 1.09795453766 
1.2732 1.09487573619 
1.27334 1.09151396117 
1.27349 1.09341343106 
1.27364 1.10472795218 
1.27378 1.11584115772 
1.27392 1.1187377658 
1.27407 1.11294422929 
1.27421 1.10464972609 
1.27436 1.09780575431 
1.27451 1.09586330425 
1.27465 1.09706393789 
1.2748 1.09585872353 
1.27494 1.08915608741 
1.27508 1.08176110021 
1.27523 1.0834250751 
1.27538 1.09850466374 
1.27552 1.11804079664 
1.27567 1.13515448322 
1.27581 1.14182850049 
1.27595 1.13905795422 
1.2761 1.13171837436 
1.27624 1.12878891985 
1.27639 1.13455115821 
1.27654 1.14534794225 
1.27668 1.15004210229 
1.27682 1.14375102963 
1.27697 1.13016442889 
1.27711 1.1213817642 
1.27726 1.12179857722 
1.27741 1.12803878906 
1.27755 1.13157525533 
1.27769 1.12837036116 
1.27784 1.11621346816 
1.27798 1.10140593591 
1.27813 1.09383588898 
1.27828 1.09902131923 
1.27842 1.10504533498 
1.27857 1.10392764488 
1.27871 1.09964943937 
1.27885 1.09967372134 
1.279 1.1079248351 
1.27915 1.11983168885 
1.27929 1.12742715241 
1.27944 1.13078921714 
1.27958 1.12996464539 
1.27972 1.1233121553 
1.27987 1.11210374108 
1.28001 1.10446700646 
1.28016 1.10379596551 
1.28031 1.10952869864 
1.28045 1.11497506418 
1.28059 1.11616076114 
1.28074 1.11538723909 
1.28088 1.11808639886 
1.28103 1.12549998924 
1.28118 1.13378971916 
1.28132 1.13853336482 
1.28147 1.13695748888 
1.28161 1.12686545574 
1.28175 1.1115352758 
1.2819 1.10108289988 
1.28205 1.10530425626 
1.28219 1.11922205418 
1.28234 1.13676641518 
1.28248 1.14907141122 
1.28262 1.15401362997 
1.28277 1.15244510556 
1.28291 1.14752580157 
1.28306 1.14145008839 
1.28321 1.13581340848 
1.28335 1.12900336459 
1.28349 1.12002915851 
1.28364 1.11108504154 
1.28378 1.10393951878 
1.28393 1.09524028811 
1.28408 1.08801837074 
1.28422 1.08905224237 
1.28437 1.10129686648 
1.28451 1.11726457422 
1.28465 1.12773712087 
1.2848 1.12734232531 
1.28495 1.11919033949 
1.28509 1.11349488376 
1.28524 1.11558519268 
1.28538 1.12002104407 
1.28552 1.11826367442 
1.28567 1.1102229929 
1.28582 1.10433113039 
1.28596 1.10679756058 
1.28611 1.11861076273 
1.28625 1.13042563626 
1.28639 1.13273763058 
1.28654 1.12240101389 
1.28668 1.10895443599 
1.28683 1.1042837484 
1.28698 1.11679381851 
1.28712 1.13547585282 
1.28726 1.14684697067 
1.28741 1.14390246573 
1.28755 1.13133826654 
1.2877 1.12015423273 
1.28785 1.12277070336 
1.28799 1.13596578011 
1.28814 1.14819739234 
1.28828 1.14602448045 
1.28842 1.13092407352 
1.28857 1.11506166544 
1.28872 1.11233644 
1.28886 1.11977039661 
1.28901 1.12965602918 
1.28915 1.13451824999 
1.28929 1.1337802561 
1.28944 1.13227827969 
1.28958 1.13677998623 
1.28973 1.14732128486 
1.28988 1.1542631149 
1.29002 1.14964393196 
1.29016 1.13608731497 
1.29031 1.12243532267 
1.29045 1.11828989656 
1.2906 1.1230410445 
1.29075 1.13128584754 
1.29089 1.1364412337 
1.29104 1.13844615444 
1.29118 1.13859490594 
1.29132 1.13608275613 
1.29147 1.13058079323 
1.29162 1.12571791833 
1.29176 1.12424923252 
1.29191 1.12842067241 
1.29205 1.13716294784 
1.29219 1.14366708389 
1.29234 1.14173366348 
1.29248 1.13519623263 
1.29263 1.13295937295 
1.29278 1.139444149 
1.29292 1.14653660279 
1.29306 1.14750903582 
1.29321 1.14367401119 
1.29335 1.14141861468 
1.2935 1.14309504923 
1.29365 1.14950659071 
1.29379 1.16001537975 
1.29393 1.17259195163 
1.29408 1.18239825819 
1.29422 1.18347924446 
1.29437 1.17637403072 
1.29452 1.1644685167 
1.29466 1.15234908253 
1.29481 1.14285248571 
1.29495 1.13989819834 
1.29509 1.14121403959 
1.29524 1.14472981097 
1.29539 1.14910448128 
1.29553 1.15367579819 
1.29568 1.15909809429 
1.29582 1.1628786129 
1.29596 1.16363425717 
1.29611 1.16230575688 
1.29625 1.16149411217 
1.2964 1.16474329387 
1.29655 1.17305751903 
1.29669 1.17859264337 
1.29683 1.17635742308 
1.29698 1.16686069953 
1.29712 1.15502972731 
1.29727 1.14563521121 
1.29742 1.14737200147 
1.29756 1.15870029237 
1.29771 1.17295248479 
1.29785 1.18060198681 
1.29799 1.18102162264 
1.29814 1.17910101653 
1.29829 1.18154307707 
1.29843 1.18854588711 
1.29858 1.19600017121 
1.29872 1.19582945804 
1.29886 1.18547273125 
1.29901 1.16826513701 
1.29915 1.15528647796 
1.2993 1.15069891478 
1.29945 1.15323444946 
1.29959 1.1534405649 
1.29973 1.14669889122 
1.29988 1.13521912663 
1.30002 1.12504874333 
1.30017 1.11920639199 
1.30032 1.12552513434 
1.30046 1.14428683981 
1.30061 1.16804969963 
1.30075 1.17740889762 
1.30089 1.16709703981 
1.30104 1.14716510976 
1.30119 1.13799327807 
1.30133 1.14367946816 
1.30148 1.15656217432 
1.30162 1.16602957079 
1.30176 1.17033805061 
1.30191 1.17301678531 
1.30206 1.17688121209 
1.3022 1.18168362179 
1.30235 1.18868611678 
1.30249 1.19371610186 
1.30263 1.18974260798 
1.30278 1.17272470313 
1.30292 1.15245890804 
1.30307 1.14068101322 
1.30322 1.14723831507 
1.30336 1.16245718777 
1.3035 1.17635153308 
1.30365 1.18613621069 
1.30379 1.18797451925 
1.30394 1.18076166886 
1.30409 1.17204832782 
1.30423 1.17162965309 
1.30438 1.17816322735 
1.30452 1.18039667231 
1.30466 1.17325790513 
1.30481 1.16392412464 
1.30496 1.16613516071 
1.3051 1.17874044941 
1.30525 1.1918911595 
1.30539 1.19492143424 
1.30553 1.19024161686 
1.30568 1.18606491498 
1.30582 1.18915860359 
1.30597 1.19909852869 
1.30612 1.20779163193 
1.30626 1.2056724833 
1.3064 1.19374340633 
1.30655 1.18023992831 
1.30669 1.17253717757 
1.30684 1.16862137201 
1.30699 1.16972583435 
1.30713 1.1758817253 
1.30728 1.18352696781 
1.30742 1.18473729356 
1.30756 1.17710122148 
1.30771 1.16472223636 
1.30786 1.15809966253 
1.308 1.1610171472 
1.30815 1.16973467775 
1.30829 1.17614649947 
1.30843 1.17866384326 
1.30858 1.18185576332 
1.30872 1.1878993162 
1.30887 1.19453288433 
1.30902 1.19830290077 
1.30916 1.19644195974 
1.3093 1.18600152416 
1.30945 1.16787439007 
1.30959 1.15390008618 
1.30974 1.15180102817 
1.30989 1.16365106464 
1.31003 1.17936969333 
1.31017 1.19251394741 
1.31032 1.20092105352 
1.31046 1.20118853574 
1.31061 1.19421370813 
1.31076 1.18780041119 
1.3109 1.18766776577 
1.31105 1.19165836835 
1.31119 1.19340547265 
1.31133 1.18921453228 
1.31148 1.18075988492 
1.31163 1.17586105962 
1.31177 1.17934484971 
1.31192 1.18931354563 
1.31206 1.19364313918 
1.3122 1.18361027921 
1.31235 1.1611431893 
1.31249 1.14389036904 
1.31264 1.14210944357 
1.31279 1.15532633081 
1.31293 1.16916873289 
1.31307 1.17849494057 
1.31322 1.18644176966 
1.31336 1.19267680429 
1.31351 1.19639667932 
1.31366 1.19896878409 
1.3138 1.20023509915 
1.31395 1.19522375858 
1.31409 1.1812816839 
1.31423 1.16283719319 
1.31438 1.15215553043 
1.31453 1.16084304658 
1.31467 1.17871178075 
1.31482 1.19058242617 
1.31496 1.18627387576 
1.3151 1.17078047521 
1.31525 1.15204125029 
1.31539 1.13993783429 
1.31554 1.13795257668 
1.31569 1.14931449853 
1.31583 1.16622309544 
1.31597 1.17973074983 
1.31612 1.18620269909 
1.31626 1.19038763619 
1.31641 1.20172274594 
1.31656 1.21787472924 
1.3167 1.22507718494 
1.31684 1.21879425736 
1.31699 1.20441209047 
1.31713 1.19317303459 
1.31728 1.18832675755 
1.31743 1.19031611082 
1.31757 1.19306428932 
1.31772 1.18979108749 
1.31786 1.17791262184 
1.318 1.16165864117 
1.31815 1.15173165472 
1.3183 1.15905520101 
1.31844 1.17693526335 
1.31859 1.19362119945 
1.31873 1.19748948792 
1.31887 1.19154593847 
1.31902 1.18290037706 
1.31916 1.17714950888 
1.31931 1.17399169436 
1.31946 1.17400420242 
1.3196 1.17419376175 
1.31974 1.17098696872 
1.31989 1.16362471595 
1.32003 1.15617735107 
1.32018 1.15411562048 
1.32033 1.16381838759 
1.32047 1.17961708362 
1.32062 1.19179018964 
1.32076 1.19196278941 
1.3209 1.18564782343 
1.32105 1.18244620622 
1.3212 1.185871833 
1.32134 1.18914050091 
1.32149 1.18803676285 
1.32163 1.1832704162 
1.32177 1.17771643515 
1.32192 1.17300053013 
1.32206 1.1696099338 
1.32221 1.16962007629 
1.32236 1.17704860566 
1.3225 1.18635859773 
1.32264 1.18942234784 
1.32279 1.18199864221 
1.32293 1.17023061472 
1.32308 1.16304483697 
1.32323 1.16597612435 
1.32337 1.17321779397 
1.32352 1.17979456179 
1.32366 1.18087187269 
1.3238 1.17645310321 
1.32395 1.17413073973 
1.3241 1.18420489548 
1.32424 1.20178020225 
1.32439 1.21588115239 
1.32453 1.21395329769 
1.32467 1.19782339374 
1.32482 1.17858432273 
1.32497 1.17075729766 
1.32511 1.17431548727 
1.32526 1.18291946935 
1.3254 1.1901936517 
1.32554 1.19606133974 
1.32569 1.20266937577 
1.32583 1.20950655876 
1.32598 1.21752887725 
1.32613 1.22452294099 
1.32627 1.22440167778 
1.32641 1.21476215873 
1.32656 1.19907568356 
1.3267 1.18695705044 
1.32685 1.18194094777 
1.327 1.18705620247 
1.32714 1.19966423925 
1.32729 1.21553920872 
1.32743 1.22166304277 
1.32757 1.21209148198 
1.32772 1.19262903709 
1.32787 1.17988116214 
1.32801 1.17959205142 
1.32816 1.18711769867 
1.3283 1.19297567196 
1.32844 1.19086566848 
1.32859 1.18019755878 
1.32873 1.16918259185 
1.32888 1.16537285743 
1.32903 1.17183196029 
1.32917 1.17550668531 
1.32931 1.16168572118 
1.32946 1.12313773222 
1.3296 1.08055453719 
1.32975 1.06101455188 
1.3299 1.08749287321 
1.33004 1.13586088603 
1.33019 1.17883534472 
1.33033 1.19404068806 
1.33047 1.18832314257 
1.33062 1.17655167576 
1.33077 1.17454278644 
1.33091 1.18022209628 
1.33106 1.1805848376 
1.3312 1.16606251418 
1.33134 1.14285542535 
1.33149 1.12656361471 
1.33163 1.12794218529 
1.33178 1.14041842076 
1.33193 1.15193940051 
1.33207 1.15018462798 
1.33221 1.12512572006 
1.33236 1.06878844558 
1.3325 1.00955171535 
1.33265 0.987611060816 
1.3328 1.03225311379 
1.33294 1.09823179771 
1.33308 1.14227737905 
1.33323 1.15541077912 
1.33337 1.15352287043 
1.33352 1.15409441933 
1.33367 1.16232773756 
1.33381 1.1716180723 
1.33396 1.17542734281 
1.3341 1.16961593641 
1.33424 1.15557868118 
1.33439 1.13597140038 
1.33454 1.11710862851 
1.33468 1.10686910555 
1.33483 1.10886722733 
1.33497 1.11205502682 
1.33511 1.09731042594 
1.33526 1.06245373152 
1.3354 1.03855547595 
1.33555 1.03841375735 
1.3357 1.04130764367 
1.33584 1.02834989822 
1.33598 1.01835243235 
1.33613 1.02983457903 
1.33627 1.03986352708 
1.33642 1.02710615647 
1.33657 1.01575268733 
1.33671 1.03419927638 
1.33686 1.06262579274 
1.337 1.05255189814 
1.33714 1.00491109586 
1.33729 0.970867763155 
1.33744 0.996939535187 
1.33758 1.04033449379 
1.33773 1.04667719386 
1.33787 1.01435865874 
1.33801 0.992887272441 
1.33816 1.01412814082 
1.3383 1.04335817828 
1.33845 1.03163071895 
1.3386 0.98135595373 
1.33874 0.956408838317 
1.33888 0.984337080737 
1.33903 1.03469490182 
1.33917 1.04934742411 
1.33932 1.03150489634 
1.33947 1.02200611186 
1.33961 1.02842073841 
1.33976 1.01278737687 
1.3399 0.965775767809 
1.34004 0.936149932894 
1.34019 0.973922653027 
1.34034 1.05667701103 
1.34048 1.12101518558 
1.34063 1.1564676404 
1.34077 1.1671098228 
1.34091 1.16533195425 
1.34106 1.15359206736 
1.34121 1.12400946356 
1.34135 1.07009966848 
1.3415 1.00253534628 
1.34164 0.976610929927 
1.34178 1.00947092893 
1.34193 1.07607641512 
1.34207 1.12407796266 
1.34222 1.1492491484 
1.34237 1.15595236509 
1.34251 1.13744254896 
1.34265 1.07978569435 
1.3428 0.992633530958 
1.34294 0.944705626363 
1.34309 0.972123578139 
1.34324 1.05110236631 
1.34338 1.11911556667 
1.34353 1.16101450795 
1.34367 1.17369056475 
1.34381 1.17066347655 
1.34396 1.16372403498 
1.34411 1.16072014372 
1.34425 1.15626353867 
1.3444 1.1364632061 
1.34454 1.09509840451 
1.34468 1.04331449312 
1.34483 1.01569629805 
1.34497 1.0389664268 
1.34512 1.09540374467 
1.34527 1.14521881101 
1.34541 1.16768400297 
1.34555 1.16862213373 
1.3457 1.15910711284 
1.34584 1.1538471967 
1.34599 1.15837487025 
1.34614 1.16781773612 
1.34628 1.17218233683 
1.34643 1.16975503063 
1.34657 1.16478425618 
1.34671 1.15975724901 
1.34686 1.15074582777 
1.34701 1.12258358006 
1.34715 1.06351463249 
1.3473 0.982210697246 
1.34744 0.941415418724 
1.34758 0.965965021059 
1.34773 1.03649122805 
1.34787 1.0984497888 
1.34802 1.14218124806 
1.34817 1.16866918718 
1.34831 1.18204967545 
1.34845 1.18495696374 
1.3486 1.1799650802 
1.34874 1.17351718405 
1.34889 1.17223869288 
1.34904 1.18012574477 
1.34918 1.18895876793 
1.34932 1.19067477598 
1.34947 1.18317797918 
1.34961 1.17138832079 
1.34976 1.16001147221 
1.34991 1.15637127519 
1.35005 1.16010469268 
1.3502 1.16254066204 
1.35034 1.15193453389 
1.35048 1.12965981717 
1.35063 1.11402563441 
1.35078 1.12242070201 
1.35092 1.13560808524 
1.35107 1.11905628322 
1.35121 1.05194272352 
1.35135 0.942463490159 
1.3515 0.822366113692 
1.35164 0.758663612155 
1.35179 0.782552122113 
1.35194 0.893090486555 
1.35208 1.0114114473 
1.35222 1.0897184192 
1.35237 1.12454534264 
1.35251 1.12895310785 
1.35266 1.11344625497 
1.35281 1.08011565829 
1.35295 1.02636672018 
1.3531 0.908290430555 
1.35324 0.706595041992 
